//все тесты сразу были в main
Единичный тест выборки в 10_000_000 чел.
 №   | выборка, чел | последовательно | параллельно   | разность, сек | %
------------------------------------------------------------------------------
 1   | 10000000     | 0,9138305       | 0,7869098     | 0,1269207     | -13,9 

Для выборки размером: 10000000
	- всего тестов: 1
	- успешных случаев: 1
	- % успешных тестов: 100,0%
	- среднее время последовательного теста: 0,9138305
	- среднее время параллельного теста: 0,7869098
	- рост производительности для успешных случаев в среднем на: 13,9%

Десять тестов одной и той же выборки в 10_000_000 чел.
 №   | выборка, чел | последовательно | параллельно   | разность, сек | %
------------------------------------------------------------------------------
 1   | 10000000     | 0,9208554       | 0,4769174     | 0,4439380     | -48,2 
 2   | 10000000     | 0,9576190       | 0,4639978     | 0,4936212     | -51,5 
 3   | 10000000     | 0,9550349       | 0,4612525     | 0,4937824     | -51,7 
 4   | 10000000     | 0,9547772       | 0,4369564     | 0,5178208     | -54,2 
 5   | 10000000     | 1,3650985       | 0,5533474     | 0,8117511     | -59,5 
 6   | 10000000     | 0,9505679       | 0,4572564     | 0,4933115     | -51,9 
 7   | 10000000     | 0,8829192       | 0,3856460     | 0,4972732     | -56,3 
 8   | 10000000     | 0,8570606       | 0,4478334     | 0,4092272     | -47,7 
 9   | 10000000     | 1,1724383       | 0,5495072     | 0,6229311     | -53,1 
 10  | 10000000     | 0,8950417       | 0,4831509     | 0,4118908     | -46,0 

Для выборки размером: 10000000
	- всего тестов: 10
	- успешных случаев: 10
	- % успешных тестов: 100,0%
	- среднее время последовательного теста: 0,9911413
	- среднее время параллельного теста: 0,4715865
	- рост производительности для успешных случаев в среднем на: 52,0%

Сто тестов всех видов выборок, которые генерируются заново в цикле
 №   | выборка, чел | последовательно | параллельно   | разность, сек | %
------------------------------------------------------------------------------
 1   | 100          | 0,0000639       | 0,0008568     | -0,0007929    | 1240,8 
 2   | 100          | 0,0000398       | 0,0006226     | -0,0005828    | 1464,3 
 3   | 100          | 0,0000510       | 0,0005352     | -0,0004842    | 949,4 
 4   | 100          | 0,0000466       | 0,0003157     | -0,0002691    | 577,5 
 5   | 100          | 0,0000449       | 0,0008745     | -0,0008296    | 1847,7 
 6   | 100          | 0,0000511       | 0,0005913     | -0,0005402    | 1057,1 
 7   | 100          | 0,0000365       | 0,0004341     | -0,0003976    | 1089,3 
 8   | 100          | 0,0000368       | 0,0008228     | -0,0007860    | 2135,9 
 9   | 100          | 0,0000536       | 0,0035764     | -0,0035228    | 6572,4 
 10  | 100          | 0,0000532       | 0,0002804     | -0,0002272    | 427,1 
 11  | 100          | 0,0000436       | 0,0008542     | -0,0008106    | 1859,2 
 12  | 100          | 0,0000365       | 0,0006223     | -0,0005858    | 1604,9 
 13  | 100          | 0,0000457       | 0,0002167     | -0,0001710    | 374,2 
 14  | 100          | 0,0000444       | 0,0005227     | -0,0004783    | 1077,3 
 15  | 100          | 0,0000449       | 0,0005996     | -0,0005547    | 1235,4 
 16  | 100          | 0,0000365       | 0,0005557     | -0,0005192    | 1422,5 
 17  | 100          | 0,0000364       | 0,0004109     | -0,0003745    | 1028,8 
 18  | 100          | 0,0000463       | 0,0004574     | -0,0004111    | 887,9 
 19  | 100          | 0,0000671       | 0,0005195     | -0,0004524    | 674,2 
 20  | 100          | 0,0000841       | 0,0004585     | -0,0003744    | 445,2 
 21  | 100          | 0,0000365       | 0,0005003     | -0,0004638    | 1270,7 
 22  | 100          | 0,0000404       | 0,0004808     | -0,0004404    | 1090,1 
 23  | 100          | 0,0000370       | 0,0002048     | -0,0001678    | 453,5 
 24  | 100          | 0,0000423       | 0,0001515     | -0,0001092    | 258,2 
 25  | 100          | 0,0000417       | 0,0001647     | -0,0001230    | 295,0 
 26  | 100          | 0,0000412       | 0,0001501     | -0,0001089    | 264,3 
 27  | 100          | 0,0000424       | 0,0001548     | -0,0001124    | 265,1 
 28  | 100          | 0,0000348       | 0,0001630     | -0,0001282    | 368,4 
 29  | 100          | 0,0000338       | 0,0001652     | -0,0001314    | 388,8 
 30  | 100          | 0,0000403       | 0,0001469     | -0,0001066    | 264,5 
 31  | 100          | 0,0000342       | 0,0002063     | -0,0001721    | 503,2 
 32  | 100          | 0,0000417       | 0,0001555     | -0,0001138    | 272,9 
 33  | 100          | 0,0000504       | 0,0001833     | -0,0001329    | 263,7 
 34  | 100          | 0,0000426       | 0,0001744     | -0,0001318    | 309,4 
 35  | 100          | 0,0000710       | 0,0005695     | -0,0004985    | 702,1 
 36  | 100          | 0,0000433       | 0,0009585     | -0,0009152    | 2113,6 
 37  | 100          | 0,0000359       | 0,0004096     | -0,0003737    | 1040,9 
 38  | 100          | 0,0000416       | 0,0007373     | -0,0006957    | 1672,4 
 39  | 100          | 0,0000435       | 0,0003903     | -0,0003468    | 797,2 
 40  | 100          | 0,0000325       | 0,0004073     | -0,0003748    | 1153,2 
 41  | 100          | 0,0000439       | 0,0001746     | -0,0001307    | 297,7 
 42  | 100          | 0,0000411       | 0,0001414     | -0,0001003    | 244,0 
 43  | 100          | 0,0000351       | 0,0001503     | -0,0001152    | 328,2 
 44  | 100          | 0,0000327       | 0,0001539     | -0,0001212    | 370,6 
 45  | 100          | 0,0000328       | 0,0001496     | -0,0001168    | 356,1 
 46  | 100          | 0,0000316       | 0,0001421     | -0,0001105    | 349,7 
 47  | 100          | 0,0000320       | 0,0001456     | -0,0001136    | 355,0 
 48  | 100          | 0,0000484       | 0,0001671     | -0,0001187    | 245,2 
 49  | 100          | 0,0000487       | 0,0002913     | -0,0002426    | 498,2 
 50  | 100          | 0,0000494       | 0,0001752     | -0,0001258    | 254,7 
 51  | 100          | 0,0000464       | 0,0001569     | -0,0001105    | 238,1 
 52  | 100          | 0,0000377       | 0,0001624     | -0,0001247    | 330,8 
 53  | 100          | 0,0000371       | 0,0001641     | -0,0001270    | 342,3 
 54  | 100          | 0,0000440       | 0,0001390     | -0,0000950    | 215,9 
 55  | 100          | 0,0000359       | 0,0003313     | -0,0002954    | 822,8 
 56  | 100          | 0,0000383       | 0,0003240     | -0,0002857    | 746,0 
 57  | 100          | 0,0000291       | 0,0001711     | -0,0001420    | 488,0 
 58  | 100          | 0,0000293       | 0,0003425     | -0,0003132    | 1068,9 
 59  | 100          | 0,0000322       | 0,0002810     | -0,0002488    | 772,7 
 60  | 100          | 0,0000396       | 0,0001720     | -0,0001324    | 334,3 
 61  | 100          | 0,0000312       | 0,0001525     | -0,0001213    | 388,8 
 62  | 100          | 0,0000384       | 0,0001602     | -0,0001218    | 317,2 
 63  | 100          | 0,0000313       | 0,0001517     | -0,0001204    | 384,7 
 64  | 100          | 0,0000277       | 0,0001404     | -0,0001127    | 406,9 
 65  | 100          | 0,0000354       | 0,0001414     | -0,0001060    | 299,4 
 66  | 100          | 0,0000369       | 0,0001443     | -0,0001074    | 291,1 
 67  | 100          | 0,0000300       | 0,0001617     | -0,0001317    | 439,0 
 68  | 100          | 0,0000298       | 0,0001369     | -0,0001071    | 359,4 
 69  | 100          | 0,0000286       | 0,0001292     | -0,0001006    | 351,7 
 70  | 100          | 0,0000353       | 0,0001360     | -0,0001007    | 285,3 
 71  | 100          | 0,0000295       | 0,0001377     | -0,0001082    | 366,8 
 72  | 100          | 0,0000377       | 0,0001298     | -0,0000921    | 244,3 
 73  | 100          | 0,0000672       | 0,0003609     | -0,0002937    | 437,1 
 74  | 100          | 0,0000311       | 0,0003409     | -0,0003098    | 996,1 
 75  | 100          | 0,0000364       | 0,0001833     | -0,0001469    | 403,6 
 76  | 100          | 0,0000286       | 0,0001621     | -0,0001335    | 466,8 
 77  | 100          | 0,0000306       | 0,0001707     | -0,0001401    | 457,8 
 78  | 100          | 0,0000484       | 0,0001395     | -0,0000911    | 188,2 
 79  | 100          | 0,0000314       | 0,0001465     | -0,0001151    | 366,6 
 80  | 100          | 0,0000296       | 0,0001450     | -0,0001154    | 389,9 
 81  | 100          | 0,0000332       | 0,0001358     | -0,0001026    | 309,0 
 82  | 100          | 0,0000292       | 0,0001280     | -0,0000988    | 338,4 
 83  | 100          | 0,0000287       | 0,0001368     | -0,0001081    | 376,7 
 84  | 100          | 0,0000341       | 0,0001296     | -0,0000955    | 280,1 
 85  | 100          | 0,0000669       | 0,0001603     | -0,0000934    | 139,6 
 86  | 100          | 0,0000374       | 0,0001363     | -0,0000989    | 264,4 
 87  | 100          | 0,0000361       | 0,0001570     | -0,0001209    | 334,9 
 88  | 100          | 0,0000313       | 0,0001454     | -0,0001141    | 364,5 
 89  | 100          | 0,0000377       | 0,0001316     | -0,0000939    | 249,1 
 90  | 100          | 0,0000276       | 0,0001333     | -0,0001057    | 383,0 
 91  | 100          | 0,0000326       | 0,0001739     | -0,0001413    | 433,4 
 92  | 100          | 0,0000295       | 0,0001244     | -0,0000949    | 321,7 
 93  | 100          | 0,0000280       | 0,0001324     | -0,0001044    | 372,9 
 94  | 100          | 0,0000275       | 0,0001321     | -0,0001046    | 380,4 
 95  | 100          | 0,0000674       | 0,0011739     | -0,0011065    | 1641,7 
 96  | 100          | 0,0000426       | 0,0004903     | -0,0004477    | 1050,9 
 97  | 100          | 0,0000402       | 0,0036734     | -0,0036332    | 9037,8 
 98  | 100          | 0,0000494       | 0,0007629     | -0,0007135    | 1444,3 
 99  | 100          | 0,0000427       | 0,0009647     | -0,0009220    | 2159,3 
 100 | 100          | 0,0000655       | 0,0010379     | -0,0009724    | 1484,6 
 101 | 1000         | 0,0001493       | 0,0013878     | -0,0012385    | 829,5 
 102 | 1000         | 0,0001730       | 0,0012506     | -0,0010776    | 622,9 
 103 | 1000         | 0,0001370       | 0,0011953     | -0,0010583    | 772,5 
 104 | 1000         | 0,0001383       | 0,0012802     | -0,0011419    | 825,7 
 105 | 1000         | 0,0001402       | 0,0011846     | -0,0010444    | 744,9 
 106 | 1000         | 0,0001490       | 0,0014482     | -0,0012992    | 871,9 
 107 | 1000         | 0,0001332       | 0,0011976     | -0,0010644    | 799,1 
 108 | 1000         | 0,0001786       | 0,0011977     | -0,0010191    | 570,6 
 109 | 1000         | 0,0001467       | 0,0012368     | -0,0010901    | 743,1 
 110 | 1000         | 0,0001346       | 0,0011751     | -0,0010405    | 773,0 
 111 | 1000         | 0,0001562       | 0,0012323     | -0,0010761    | 688,9 
 112 | 1000         | 0,0001430       | 0,0012493     | -0,0011063    | 773,6 
 113 | 1000         | 0,0001555       | 0,0011800     | -0,0010245    | 658,8 
 114 | 1000         | 0,0001336       | 0,0011579     | -0,0010243    | 766,7 
 115 | 1000         | 0,0001526       | 0,0014550     | -0,0013024    | 853,5 
 116 | 1000         | 0,0001568       | 0,0002662     | -0,0001094    | 69,8 
 117 | 1000         | 0,0001467       | 0,0002718     | -0,0001251    | 85,3 
 118 | 1000         | 0,0041501       | 0,0002875     | 0,0038626     | -93,1 
 119 | 1000         | 0,0001469       | 0,0002268     | -0,0000799    | 54,4 
 120 | 1000         | 0,0001368       | 0,0002715     | -0,0001347    | 98,5 
 121 | 1000         | 0,0001366       | 0,0002210     | -0,0000844    | 61,8 
 122 | 1000         | 0,0001418       | 0,0002175     | -0,0000757    | 53,4 
 123 | 1000         | 0,0001336       | 0,0002280     | -0,0000944    | 70,7 
 124 | 1000         | 0,0001348       | 0,0002159     | -0,0000811    | 60,2 
 125 | 1000         | 0,0001393       | 0,0011938     | -0,0010545    | 757,0 
 126 | 1000         | 0,0001517       | 0,0013687     | -0,0012170    | 802,2 
 127 | 1000         | 0,0001489       | 0,0012092     | -0,0010603    | 712,1 
 128 | 1000         | 0,0001581       | 0,0011846     | -0,0010265    | 649,3 
 129 | 1000         | 0,0001661       | 0,0011789     | -0,0010128    | 609,8 
 130 | 1000         | 0,0001503       | 0,0008731     | -0,0007228    | 480,9 
 131 | 1000         | 0,0001385       | 0,0011971     | -0,0010586    | 764,3 
 132 | 1000         | 0,0001589       | 0,0008277     | -0,0006688    | 420,9 
 133 | 1000         | 0,0001837       | 0,0016344     | -0,0014507    | 789,7 
 134 | 1000         | 0,0001710       | 0,0012303     | -0,0010593    | 619,5 
 135 | 1000         | 0,0001408       | 0,0012256     | -0,0010848    | 770,5 
 136 | 1000         | 0,0001480       | 0,0011941     | -0,0010461    | 706,8 
 137 | 1000         | 0,0001316       | 0,0012302     | -0,0010986    | 834,8 
 138 | 1000         | 0,0001371       | 0,0013493     | -0,0012122    | 884,2 
 139 | 1000         | 0,0001498       | 0,0012386     | -0,0010888    | 726,8 
 140 | 1000         | 0,0001430       | 0,0005636     | -0,0004206    | 294,1 
 141 | 1000         | 0,0001660       | 0,0008082     | -0,0006422    | 386,9 
 142 | 1000         | 0,0001364       | 0,0005632     | -0,0004268    | 312,9 
 143 | 1000         | 0,0001369       | 0,0005448     | -0,0004079    | 298,0 
 144 | 1000         | 0,0001326       | 0,0005160     | -0,0003834    | 289,1 
 145 | 1000         | 0,0001378       | 0,0005615     | -0,0004237    | 307,5 
 146 | 1000         | 0,0001401       | 0,0005058     | -0,0003657    | 261,0 
 147 | 1000         | 0,0001349       | 0,0003747     | -0,0002398    | 177,8 
 148 | 1000         | 0,0001398       | 0,0002323     | -0,0000925    | 66,2 
 149 | 1000         | 0,0001361       | 0,0003115     | -0,0001754    | 128,9 
 150 | 1000         | 0,0001450       | 0,0002306     | -0,0000856    | 59,0 
 151 | 1000         | 0,0001441       | 0,0002332     | -0,0000891    | 61,8 
 152 | 1000         | 0,0001422       | 0,0002091     | -0,0000669    | 47,0 
 153 | 1000         | 0,0001272       | 0,0004930     | -0,0003658    | 287,6 
 154 | 1000         | 0,0001327       | 0,0005085     | -0,0003758    | 283,2 
 155 | 1000         | 0,0001243       | 0,0005035     | -0,0003792    | 305,1 
 156 | 1000         | 0,0001223       | 0,0004046     | -0,0002823    | 230,8 
 157 | 1000         | 0,0001171       | 0,0003328     | -0,0002157    | 184,2 
 158 | 1000         | 0,0001275       | 0,0003169     | -0,0001894    | 148,5 
 159 | 1000         | 0,0001259       | 0,0003547     | -0,0002288    | 181,7 
 160 | 1000         | 0,0001299       | 0,0003594     | -0,0002295    | 176,7 
 161 | 1000         | 0,0001151       | 0,0003456     | -0,0002305    | 200,3 
 162 | 1000         | 0,0001267       | 0,0003315     | -0,0002048    | 161,6 
 163 | 1000         | 0,0001614       | 0,0003582     | -0,0001968    | 121,9 
 164 | 1000         | 0,0001182       | 0,0003480     | -0,0002298    | 194,4 
 165 | 1000         | 0,0001209       | 0,0003648     | -0,0002439    | 201,7 
 166 | 1000         | 0,0001259       | 0,0002969     | -0,0001710    | 135,8 
 167 | 1000         | 0,0001254       | 0,0004696     | -0,0003442    | 274,5 
 168 | 1000         | 0,0001348       | 0,0003841     | -0,0002493    | 184,9 
 169 | 1000         | 0,0001338       | 0,0003782     | -0,0002444    | 182,7 
 170 | 1000         | 0,0001275       | 0,0003371     | -0,0002096    | 164,4 
 171 | 1000         | 0,0001331       | 0,0003804     | -0,0002473    | 185,8 
 172 | 1000         | 0,0001308       | 0,0003820     | -0,0002512    | 192,0 
 173 | 1000         | 0,0001280       | 0,0003257     | -0,0001977    | 154,5 
 174 | 1000         | 0,0001283       | 0,0003209     | -0,0001926    | 150,1 
 175 | 1000         | 0,0001241       | 0,0003399     | -0,0002158    | 173,9 
 176 | 1000         | 0,0001342       | 0,0003084     | -0,0001742    | 129,8 
 177 | 1000         | 0,0001349       | 0,0003609     | -0,0002260    | 167,5 
 178 | 1000         | 0,0001239       | 0,0003655     | -0,0002416    | 195,0 
 179 | 1000         | 0,0001544       | 0,0003118     | -0,0001574    | 101,9 
 180 | 1000         | 0,0001311       | 0,0002491     | -0,0001180    | 90,0 
 181 | 1000         | 0,0001439       | 0,0002258     | -0,0000819    | 56,9 
 182 | 1000         | 0,0001293       | 0,0002006     | -0,0000713    | 55,1 
 183 | 1000         | 0,0001487       | 0,0005026     | -0,0003539    | 238,0 
 184 | 1000         | 0,0001386       | 0,0018890     | -0,0017504    | 1262,9 
 185 | 1000         | 0,0001325       | 0,0005280     | -0,0003955    | 298,5 
 186 | 1000         | 0,0001300       | 0,0005130     | -0,0003830    | 294,6 
 187 | 1000         | 0,0001332       | 0,0006213     | -0,0004881    | 366,4 
 188 | 1000         | 0,0001300       | 0,0004298     | -0,0002998    | 230,6 
 189 | 1000         | 0,0001334       | 0,0003522     | -0,0002188    | 164,0 
 190 | 1000         | 0,0001332       | 0,0002331     | -0,0000999    | 75,0 
 191 | 1000         | 0,0001300       | 0,0004170     | -0,0002870    | 220,8 
 192 | 1000         | 0,0001579       | 0,0003613     | -0,0002034    | 128,8 
 193 | 1000         | 0,0001375       | 0,0002179     | -0,0000804    | 58,5 
 194 | 1000         | 0,0001258       | 0,0003549     | -0,0002291    | 182,1 
 195 | 1000         | 0,0001423       | 0,0002416     | -0,0000993    | 69,8 
 196 | 1000         | 0,0001342       | 0,0003917     | -0,0002575    | 191,9 
 197 | 1000         | 0,0001349       | 0,0003599     | -0,0002250    | 166,8 
 198 | 1000         | 0,0001259       | 0,0003309     | -0,0002050    | 162,8 
 199 | 1000         | 0,0001383       | 0,0003371     | -0,0001988    | 143,7 
 200 | 1000         | 0,0001319       | 0,0002172     | -0,0000853    | 64,7 
 201 | 10000        | 0,0013811       | 0,0011361     | 0,0002450     | -17,7 
 202 | 10000        | 0,0013521       | 0,0013582     | -0,0000061    |  0,5 
 203 | 10000        | 0,0014534       | 0,0012433     | 0,0002101     | -14,5 
 204 | 10000        | 0,0013748       | 0,0010795     | 0,0002953     | -21,5 
 205 | 10000        | 0,0014276       | 0,0011477     | 0,0002799     | -19,6 
 206 | 10000        | 0,0013084       | 0,0010600     | 0,0002484     | -19,0 
 207 | 10000        | 0,0015343       | 0,0012470     | 0,0002873     | -18,7 
 208 | 10000        | 0,0013028       | 0,0012597     | 0,0000431     | -3,3 
 209 | 10000        | 0,0013015       | 0,0010589     | 0,0002426     | -18,6 
 210 | 10000        | 0,0012372       | 0,0011083     | 0,0001289     | -10,4 
 211 | 10000        | 0,0012071       | 0,0011712     | 0,0000359     | -3,0 
 212 | 10000        | 0,0012352       | 0,0012257     | 0,0000095     | -0,8 
 213 | 10000        | 0,0012444       | 0,0011494     | 0,0000950     | -7,6 
 214 | 10000        | 0,0013465       | 0,0010856     | 0,0002609     | -19,4 
 215 | 10000        | 0,0012913       | 0,0010639     | 0,0002274     | -17,6 
 216 | 10000        | 0,0012792       | 0,0010211     | 0,0002581     | -20,2 
 217 | 10000        | 0,0012510       | 0,0011424     | 0,0001086     | -8,7 
 218 | 10000        | 0,0013328       | 0,0011796     | 0,0001532     | -11,5 
 219 | 10000        | 0,0012083       | 0,0008657     | 0,0003426     | -28,4 
 220 | 10000        | 0,0011969       | 0,0009538     | 0,0002431     | -20,3 
 221 | 10000        | 0,0012114       | 0,0009230     | 0,0002884     | -23,8 
 222 | 10000        | 0,0013044       | 0,0009569     | 0,0003475     | -26,6 
 223 | 10000        | 0,0012212       | 0,0009833     | 0,0002379     | -19,5 
 224 | 10000        | 0,0011978       | 0,0009774     | 0,0002204     | -18,4 
 225 | 10000        | 0,0011786       | 0,0009280     | 0,0002506     | -21,3 
 226 | 10000        | 0,0012394       | 0,0010329     | 0,0002065     | -16,7 
 227 | 10000        | 0,0012304       | 0,0010057     | 0,0002247     | -18,3 
 228 | 10000        | 0,0012008       | 0,0009252     | 0,0002756     | -23,0 
 229 | 10000        | 0,0011943       | 0,0009758     | 0,0002185     | -18,3 
 230 | 10000        | 0,0012520       | 0,0011025     | 0,0001495     | -11,9 
 231 | 10000        | 0,0012056       | 0,0009573     | 0,0002483     | -20,6 
 232 | 10000        | 0,0012124       | 0,0009547     | 0,0002577     | -21,3 
 233 | 10000        | 0,0012451       | 0,0010144     | 0,0002307     | -18,5 
 234 | 10000        | 0,0011679       | 0,0009652     | 0,0002027     | -17,4 
 235 | 10000        | 0,0012415       | 0,0010919     | 0,0001496     | -12,0 
 236 | 10000        | 0,0012745       | 0,0010728     | 0,0002017     | -15,8 
 237 | 10000        | 0,0011813       | 0,0010366     | 0,0001447     | -12,2 
 238 | 10000        | 0,0012007       | 0,0010677     | 0,0001330     | -11,1 
 239 | 10000        | 0,0013717       | 0,0010069     | 0,0003648     | -26,6 
 240 | 10000        | 0,0012365       | 0,0010745     | 0,0001620     | -13,1 
 241 | 10000        | 0,0011957       | 0,0009813     | 0,0002144     | -17,9 
 242 | 10000        | 0,0011794       | 0,0009583     | 0,0002211     | -18,7 
 243 | 10000        | 0,0013417       | 0,0010651     | 0,0002766     | -20,6 
 244 | 10000        | 0,0012180       | 0,0010137     | 0,0002043     | -16,8 
 245 | 10000        | 0,0013400       | 0,0011620     | 0,0001780     | -13,3 
 246 | 10000        | 0,0013504       | 0,0010446     | 0,0003058     | -22,6 
 247 | 10000        | 0,0013527       | 0,0011128     | 0,0002399     | -17,7 
 248 | 10000        | 0,0011990       | 0,0010394     | 0,0001596     | -13,3 
 249 | 10000        | 0,0012580       | 0,0011001     | 0,0001579     | -12,6 
 250 | 10000        | 0,0012139       | 0,0010465     | 0,0001674     | -13,8 
 251 | 10000        | 0,0010446       | 0,0009497     | 0,0000949     | -9,1 
 252 | 10000        | 0,0010189       | 0,0009313     | 0,0000876     | -8,6 
 253 | 10000        | 0,0010122       | 0,0009610     | 0,0000512     | -5,1 
 254 | 10000        | 0,0011727       | 0,0011643     | 0,0000084     | -0,7 
 255 | 10000        | 0,0011139       | 0,0009070     | 0,0002069     | -18,6 
 256 | 10000        | 0,0010276       | 0,0009491     | 0,0000785     | -7,6 
 257 | 10000        | 0,0009952       | 0,0010811     | -0,0000859    |  8,6 
 258 | 10000        | 0,0010166       | 0,0010093     | 0,0000073     | -0,7 
 259 | 10000        | 0,0009839       | 0,0010618     | -0,0000779    |  7,9 
 260 | 10000        | 0,0010367       | 0,0010309     | 0,0000058     | -0,6 
 261 | 10000        | 0,0009819       | 0,0009856     | -0,0000037    |  0,4 
 262 | 10000        | 0,0009998       | 0,0010580     | -0,0000582    |  5,8 
 263 | 10000        | 0,0009461       | 0,0010468     | -0,0001007    | 10,6 
 264 | 10000        | 0,0009725       | 0,0010513     | -0,0000788    |  8,1 
 265 | 10000        | 0,0009537       | 0,0010130     | -0,0000593    |  6,2 
 266 | 10000        | 0,0009779       | 0,0010049     | -0,0000270    |  2,8 
 267 | 10000        | 0,0010281       | 0,0010553     | -0,0000272    |  2,6 
 268 | 10000        | 0,0009762       | 0,0009886     | -0,0000124    |  1,3 
 269 | 10000        | 0,0010719       | 0,0010463     | 0,0000256     | -2,4 
 270 | 10000        | 0,0010534       | 0,0010624     | -0,0000090    |  0,9 
 271 | 10000        | 0,0009921       | 0,0009275     | 0,0000646     | -6,5 
 272 | 10000        | 0,0009915       | 0,0009252     | 0,0000663     | -6,7 
 273 | 10000        | 0,0010016       | 0,0009731     | 0,0000285     | -2,8 
 274 | 10000        | 0,0009444       | 0,0009981     | -0,0000537    |  5,7 
 275 | 10000        | 0,0009862       | 0,0009134     | 0,0000728     | -7,4 
 276 | 10000        | 0,0010083       | 0,0010659     | -0,0000576    |  5,7 
 277 | 10000        | 0,0009841       | 0,0009549     | 0,0000292     | -3,0 
 278 | 10000        | 0,0009713       | 0,0009842     | -0,0000129    |  1,3 
 279 | 10000        | 0,0009809       | 0,0009257     | 0,0000552     | -5,6 
 280 | 10000        | 0,0009943       | 0,0009642     | 0,0000301     | -3,0 
 281 | 10000        | 0,0009804       | 0,0009209     | 0,0000595     | -6,1 
 282 | 10000        | 0,0009736       | 0,0009765     | -0,0000029    |  0,3 
 283 | 10000        | 0,0011016       | 0,0010225     | 0,0000791     | -7,2 
 284 | 10000        | 0,0009764       | 0,0009838     | -0,0000074    |  0,8 
 285 | 10000        | 0,0009734       | 0,0009101     | 0,0000633     | -6,5 
 286 | 10000        | 0,0010542       | 0,0010665     | -0,0000123    |  1,2 
 287 | 10000        | 0,0010200       | 0,0011138     | -0,0000938    |  9,2 
 288 | 10000        | 0,0009907       | 0,0010121     | -0,0000214    |  2,2 
 289 | 10000        | 0,0009773       | 0,0009060     | 0,0000713     | -7,3 
 290 | 10000        | 0,0009858       | 0,0009682     | 0,0000176     | -1,8 
 291 | 10000        | 0,0009774       | 0,0009579     | 0,0000195     | -2,0 
 292 | 10000        | 0,0009819       | 0,0009410     | 0,0000409     | -4,2 
 293 | 10000        | 0,0010730       | 0,0010620     | 0,0000110     | -1,0 
 294 | 10000        | 0,0009669       | 0,0009764     | -0,0000095    |  1,0 
 295 | 10000        | 0,0009693       | 0,0009601     | 0,0000092     | -0,9 
 296 | 10000        | 0,0009956       | 0,0008861     | 0,0001095     | -11,0 
 297 | 10000        | 0,0009717       | 0,0009305     | 0,0000412     | -4,2 
 298 | 10000        | 0,0010293       | 0,0009510     | 0,0000783     | -7,6 
 299 | 10000        | 0,0010342       | 0,0009101     | 0,0001241     | -12,0 
 300 | 10000        | 0,0010261       | 0,0009330     | 0,0000931     | -9,1 
 301 | 100000       | 0,0120258       | 0,0053210     | 0,0067048     | -55,8 
 302 | 100000       | 0,0121259       | 0,0049125     | 0,0072134     | -59,5 
 303 | 100000       | 0,0116510       | 0,0049971     | 0,0066539     | -57,1 
 304 | 100000       | 0,0116797       | 0,0049191     | 0,0067606     | -57,9 
 305 | 100000       | 0,0118063       | 0,0047497     | 0,0070566     | -59,8 
 306 | 100000       | 0,0123711       | 0,0057975     | 0,0065736     | -53,1 
 307 | 100000       | 0,0128793       | 0,0061729     | 0,0067064     | -52,1 
 308 | 100000       | 0,0129009       | 0,0056352     | 0,0072657     | -56,3 
 309 | 100000       | 0,0127435       | 0,0059427     | 0,0068008     | -53,4 
 310 | 100000       | 0,0126597       | 0,0061717     | 0,0064880     | -51,2 
 311 | 100000       | 0,0128836       | 0,0061728     | 0,0067108     | -52,1 
 312 | 100000       | 0,0102870       | 0,0053518     | 0,0049352     | -48,0 
 313 | 100000       | 0,0118736       | 0,0052371     | 0,0066365     | -55,9 
 314 | 100000       | 0,0120008       | 0,0062811     | 0,0057197     | -47,7 
 315 | 100000       | 0,0117114       | 0,0051635     | 0,0065479     | -55,9 
 316 | 100000       | 0,0116559       | 0,0053688     | 0,0062871     | -53,9 
 317 | 100000       | 0,0121593       | 0,0051618     | 0,0069975     | -57,5 
 318 | 100000       | 0,0126502       | 0,0059612     | 0,0066890     | -52,9 
 319 | 100000       | 0,0121661       | 0,0050737     | 0,0070924     | -58,3 
 320 | 100000       | 0,0119741       | 0,0054274     | 0,0065467     | -54,7 
 321 | 100000       | 0,0117032       | 0,0059170     | 0,0057862     | -49,4 
 322 | 100000       | 0,0116906       | 0,0059853     | 0,0057053     | -48,8 
 323 | 100000       | 0,0120519       | 0,0049684     | 0,0070835     | -58,8 
 324 | 100000       | 0,0116120       | 0,0050587     | 0,0065533     | -56,4 
 325 | 100000       | 0,0119490       | 0,0050047     | 0,0069443     | -58,1 
 326 | 100000       | 0,0118298       | 0,0062339     | 0,0055959     | -47,3 
 327 | 100000       | 0,0117417       | 0,0049027     | 0,0068390     | -58,2 
 328 | 100000       | 0,0117847       | 0,0047622     | 0,0070225     | -59,6 
 329 | 100000       | 0,0121493       | 0,0052741     | 0,0068752     | -56,6 
 330 | 100000       | 0,0121046       | 0,0049697     | 0,0071349     | -58,9 
 331 | 100000       | 0,0116107       | 0,0053184     | 0,0062923     | -54,2 
 332 | 100000       | 0,0117678       | 0,0049960     | 0,0067718     | -57,5 
 333 | 100000       | 0,0124486       | 0,0047618     | 0,0076868     | -61,7 
 334 | 100000       | 0,0116784       | 0,0049051     | 0,0067733     | -58,0 
 335 | 100000       | 0,0117979       | 0,0050239     | 0,0067740     | -57,4 
 336 | 100000       | 0,0120985       | 0,0057579     | 0,0063406     | -52,4 
 337 | 100000       | 0,0118817       | 0,0053541     | 0,0065276     | -54,9 
 338 | 100000       | 0,0117919       | 0,0050344     | 0,0067575     | -57,3 
 339 | 100000       | 0,0117721       | 0,0049098     | 0,0068623     | -58,3 
 340 | 100000       | 0,0129395       | 0,0059333     | 0,0070062     | -54,1 
 341 | 100000       | 0,0127163       | 0,0060580     | 0,0066583     | -52,4 
 342 | 100000       | 0,0124160       | 0,0071204     | 0,0052956     | -42,7 
 343 | 100000       | 0,0130414       | 0,0062185     | 0,0068229     | -52,3 
 344 | 100000       | 0,0130099       | 0,0055165     | 0,0074934     | -57,6 
 345 | 100000       | 0,0123691       | 0,0058067     | 0,0065624     | -53,1 
 346 | 100000       | 0,0131816       | 0,0060607     | 0,0071209     | -54,0 
 347 | 100000       | 0,0124251       | 0,0056456     | 0,0067795     | -54,6 
 348 | 100000       | 0,0125498       | 0,0058167     | 0,0067331     | -53,7 
 349 | 100000       | 0,0124425       | 0,0058438     | 0,0065987     | -53,0 
 350 | 100000       | 0,0122471       | 0,0059918     | 0,0062553     | -51,1 
 351 | 100000       | 0,0123207       | 0,0055925     | 0,0067282     | -54,6 
 352 | 100000       | 0,0129638       | 0,0072161     | 0,0057477     | -44,3 
 353 | 100000       | 0,0126398       | 0,0056746     | 0,0069652     | -55,1 
 354 | 100000       | 0,0129139       | 0,0057672     | 0,0071467     | -55,3 
 355 | 100000       | 0,0121044       | 0,0056444     | 0,0064600     | -53,4 
 356 | 100000       | 0,0124724       | 0,0059452     | 0,0065272     | -52,3 
 357 | 100000       | 0,0125057       | 0,0057577     | 0,0067480     | -54,0 
 358 | 100000       | 0,0124351       | 0,0057262     | 0,0067089     | -54,0 
 359 | 100000       | 0,0128296       | 0,0057910     | 0,0070386     | -54,9 
 360 | 100000       | 0,0126825       | 0,0060303     | 0,0066522     | -52,5 
 361 | 100000       | 0,0125071       | 0,0055877     | 0,0069194     | -55,3 
 362 | 100000       | 0,0128876       | 0,0059567     | 0,0069309     | -53,8 
 363 | 100000       | 0,0129905       | 0,0056502     | 0,0073403     | -56,5 
 364 | 100000       | 0,0125056       | 0,0061396     | 0,0063660     | -50,9 
 365 | 100000       | 0,0124393       | 0,0057140     | 0,0067253     | -54,1 
 366 | 100000       | 0,0125385       | 0,0057899     | 0,0067486     | -53,8 
 367 | 100000       | 0,0128251       | 0,0060779     | 0,0067472     | -52,6 
 368 | 100000       | 0,0122848       | 0,0059292     | 0,0063556     | -51,7 
 369 | 100000       | 0,0116807       | 0,0053078     | 0,0063729     | -54,6 
 370 | 100000       | 0,0117939       | 0,0053539     | 0,0064400     | -54,6 
 371 | 100000       | 0,0116669       | 0,0050051     | 0,0066618     | -57,1 
 372 | 100000       | 0,0116843       | 0,0055285     | 0,0061558     | -52,7 
 373 | 100000       | 0,0121882       | 0,0064080     | 0,0057802     | -47,4 
 374 | 100000       | 0,0120901       | 0,0055319     | 0,0065582     | -54,2 
 375 | 100000       | 0,0116699       | 0,0049378     | 0,0067321     | -57,7 
 376 | 100000       | 0,0117403       | 0,0047299     | 0,0070104     | -59,7 
 377 | 100000       | 0,0120264       | 0,0050277     | 0,0069987     | -58,2 
 378 | 100000       | 0,0116429       | 0,0048821     | 0,0067608     | -58,1 
 379 | 100000       | 0,0118378       | 0,0046739     | 0,0071639     | -60,5 
 380 | 100000       | 0,0117207       | 0,0061689     | 0,0055518     | -47,4 
 381 | 100000       | 0,0117107       | 0,0053370     | 0,0063737     | -54,4 
 382 | 100000       | 0,0118896       | 0,0056214     | 0,0062682     | -52,7 
 383 | 100000       | 0,0122817       | 0,0053895     | 0,0068922     | -56,1 
 384 | 100000       | 0,0119431       | 0,0052372     | 0,0067059     | -56,1 
 385 | 100000       | 0,0115254       | 0,0049510     | 0,0065744     | -57,0 
 386 | 100000       | 0,0125207       | 0,0048419     | 0,0076788     | -61,3 
 387 | 100000       | 0,0119799       | 0,0047956     | 0,0071843     | -60,0 
 388 | 100000       | 0,0117709       | 0,0055783     | 0,0061926     | -52,6 
 389 | 100000       | 0,0118261       | 0,0054603     | 0,0063658     | -53,8 
 390 | 100000       | 0,0122486       | 0,0051892     | 0,0070594     | -57,6 
 391 | 100000       | 0,0124777       | 0,0051339     | 0,0073438     | -58,9 
 392 | 100000       | 0,0123991       | 0,0051458     | 0,0072533     | -58,5 
 393 | 100000       | 0,0120576       | 0,0052729     | 0,0067847     | -56,3 
 394 | 100000       | 0,0095374       | 0,0040065     | 0,0055309     | -58,0 
 395 | 100000       | 0,0118305       | 0,0048310     | 0,0069995     | -59,2 
 396 | 100000       | 0,0121771       | 0,0049128     | 0,0072643     | -59,7 
 397 | 100000       | 0,0117779       | 0,0048619     | 0,0069160     | -58,7 
 398 | 100000       | 0,0116782       | 0,0048401     | 0,0068381     | -58,6 
 399 | 100000       | 0,0117308       | 0,0047076     | 0,0070232     | -59,9 
 400 | 100000       | 0,0118578       | 0,0051094     | 0,0067484     | -56,9 
 401 | 1000000      | 0,1257593       | 0,0571013     | 0,0686580     | -54,6 
 402 | 1000000      | 0,1253223       | 0,0568169     | 0,0685054     | -54,7 
 403 | 1000000      | 0,1253716       | 0,0579292     | 0,0674424     | -53,8 
 404 | 1000000      | 0,1247880       | 0,0566943     | 0,0680937     | -54,6 
 405 | 1000000      | 0,1236692       | 0,0559634     | 0,0677058     | -54,7 
 406 | 1000000      | 0,1250801       | 0,0556633     | 0,0694168     | -55,5 
 407 | 1000000      | 0,1259317       | 0,0570548     | 0,0688769     | -54,7 
 408 | 1000000      | 0,1238305       | 0,0572630     | 0,0665675     | -53,8 
 409 | 1000000      | 0,1115108       | 0,0520794     | 0,0594314     | -53,3 
 410 | 1000000      | 0,1266505       | 0,0558986     | 0,0707519     | -55,9 
 411 | 1000000      | 0,1253037       | 0,0580373     | 0,0672664     | -53,7 
 412 | 1000000      | 0,1451591       | 0,0673532     | 0,0778059     | -53,6 
 413 | 1000000      | 0,1475276       | 0,0689994     | 0,0785282     | -53,2 
 414 | 1000000      | 0,1477019       | 0,0696234     | 0,0780785     | -52,9 
 415 | 1000000      | 0,1485889       | 0,0714607     | 0,0771282     | -51,9 
 416 | 1000000      | 0,0983758       | 0,0451824     | 0,0531934     | -54,1 
 417 | 1000000      | 0,1287973       | 0,0629328     | 0,0658645     | -51,1 
 418 | 1000000      | 0,1298206       | 0,0575530     | 0,0722676     | -55,7 
 419 | 1000000      | 0,0874399       | 0,0369857     | 0,0504542     | -57,7 
 420 | 1000000      | 0,1008556       | 0,0422608     | 0,0585948     | -58,1 
 421 | 1000000      | 0,1497393       | 0,0681946     | 0,0815447     | -54,5 
 422 | 1000000      | 0,1498921       | 0,0665389     | 0,0833532     | -55,6 
 423 | 1000000      | 0,1203845       | 0,2325880     | -0,1122035    | 93,2 
 424 | 1000000      | 0,1523189       | 0,0699109     | 0,0824080     | -54,1 
 425 | 1000000      | 0,1489188       | 0,0647938     | 0,0841250     | -56,5 
 426 | 1000000      | 0,1504046       | 0,0644881     | 0,0859165     | -57,1 
 427 | 1000000      | 0,1246146       | 0,0539510     | 0,0706636     | -56,7 
 428 | 1000000      | 0,1479782       | 0,0643216     | 0,0836566     | -56,5 
 429 | 1000000      | 0,1493698       | 0,0653186     | 0,0840512     | -56,3 
 430 | 1000000      | 0,0930627       | 0,0404296     | 0,0526331     | -56,6 
 431 | 1000000      | 0,1469835       | 0,0652980     | 0,0816855     | -55,6 
 432 | 1000000      | 0,1469094       | 0,0636801     | 0,0832293     | -56,7 
 433 | 1000000      | 0,1477006       | 0,0657711     | 0,0819295     | -55,5 
 434 | 1000000      | 0,2797598       | 0,0469354     | 0,2328244     | -83,2 
 435 | 1000000      | 0,1712529       | 0,0812946     | 0,0899583     | -52,5 
 436 | 1000000      | 0,1694978       | 0,0803379     | 0,0891599     | -52,6 
 437 | 1000000      | 0,1717796       | 0,0812063     | 0,0905733     | -52,7 
 438 | 1000000      | 0,1724577       | 0,0764751     | 0,0959826     | -55,7 
 439 | 1000000      | 0,1359302       | 0,0662632     | 0,0696670     | -51,3 
 440 | 1000000      | 0,1464223       | 0,0645954     | 0,0818269     | -55,9 
 441 | 1000000      | 0,1462106       | 0,0624459     | 0,0837647     | -57,3 
 442 | 1000000      | 0,1456114       | 0,0669521     | 0,0786593     | -54,0 
 443 | 1000000      | 0,0922469       | 0,0374345     | 0,0548124     | -59,4 
 444 | 1000000      | 0,1464691       | 0,0646889     | 0,0817802     | -55,8 
 445 | 1000000      | 0,1477459       | 0,0642973     | 0,0834486     | -56,5 
 446 | 1000000      | 0,1461969       | 0,0646132     | 0,0815837     | -55,8 
 447 | 1000000      | 0,0841279       | 0,0390046     | 0,0451233     | -53,6 
 448 | 1000000      | 0,1469275       | 0,0664345     | 0,0804930     | -54,8 
 449 | 1000000      | 0,1462496       | 0,0640536     | 0,0821960     | -56,2 
 450 | 1000000      | 0,1470290       | 0,0651942     | 0,0818348     | -55,7 
 451 | 1000000      | 0,0858526       | 0,0357530     | 0,0500996     | -58,4 
 452 | 1000000      | 0,1466073       | 0,0660949     | 0,0805124     | -54,9 
 453 | 1000000      | 0,1462558       | 0,0662260     | 0,0800298     | -54,7 
 454 | 1000000      | 0,1469008       | 0,0637759     | 0,0831249     | -56,6 
 455 | 1000000      | 0,0840037       | 0,0379616     | 0,0460421     | -54,8 
 456 | 1000000      | 0,1466181       | 0,0653451     | 0,0812730     | -55,4 
 457 | 1000000      | 0,1459726       | 0,0670748     | 0,0788978     | -54,0 
 458 | 1000000      | 0,1472030       | 0,0654156     | 0,0817874     | -55,6 
 459 | 1000000      | 0,2588207       | 0,0333852     | 0,2254355     | -87,1 
 460 | 1000000      | 0,1464060       | 0,0659709     | 0,0804351     | -54,9 
 461 | 1000000      | 0,1465363       | 0,0674031     | 0,0791332     | -54,0 
 462 | 1000000      | 0,1477244       | 0,0628899     | 0,0848345     | -57,4 
 463 | 1000000      | 0,1068682       | 0,0458307     | 0,0610375     | -57,1 
 464 | 1000000      | 0,1455160       | 0,0644078     | 0,0811082     | -55,7 
 465 | 1000000      | 0,1467939       | 0,0651353     | 0,0816586     | -55,6 
 466 | 1000000      | 0,3438852       | 0,0475743     | 0,2963109     | -86,2 
 467 | 1000000      | 0,1346948       | 0,0593071     | 0,0753877     | -56,0 
 468 | 1000000      | 0,1689310       | 0,0825431     | 0,0863879     | -51,1 
 469 | 1000000      | 0,1686901       | 0,0807120     | 0,0879781     | -52,2 
 470 | 1000000      | 0,1699719       | 0,0811955     | 0,0887764     | -52,2 
 471 | 1000000      | 0,1151432       | 0,0566820     | 0,0584612     | -50,8 
 472 | 1000000      | 0,1508481       | 0,0771695     | 0,0736786     | -48,8 
 473 | 1000000      | 0,1473328       | 0,0650991     | 0,0822337     | -55,8 
 474 | 1000000      | 0,1479210       | 0,0645825     | 0,0833385     | -56,3 
 475 | 1000000      | 0,1031034       | 0,0438556     | 0,0592478     | -57,5 
 476 | 1000000      | 0,1461562       | 0,0643295     | 0,0818267     | -56,0 
 477 | 1000000      | 0,1459294       | 0,0635389     | 0,0823905     | -56,5 
 478 | 1000000      | 0,1460195       | 0,0641123     | 0,0819072     | -56,1 
 479 | 1000000      | 0,1099719       | 0,0473412     | 0,0626307     | -57,0 
 480 | 1000000      | 0,1467842       | 0,0612447     | 0,0855395     | -58,3 
 481 | 1000000      | 0,1465756       | 0,0646617     | 0,0819139     | -55,9 
 482 | 1000000      | 0,1461526       | 0,0662995     | 0,0798531     | -54,6 
 483 | 1000000      | 0,1021227       | 0,0432395     | 0,0588832     | -57,7 
 484 | 1000000      | 0,1460901       | 0,0634170     | 0,0826731     | -56,6 
 485 | 1000000      | 0,1458017       | 0,0660022     | 0,0797995     | -54,7 
 486 | 1000000      | 0,1452798       | 0,0677441     | 0,0775357     | -53,4 
 487 | 1000000      | 0,0950454       | 0,0442003     | 0,0508451     | -53,5 
 488 | 1000000      | 0,1458455       | 0,0648613     | 0,0809842     | -55,5 
 489 | 1000000      | 0,1458933       | 0,0654978     | 0,0803955     | -55,1 
 490 | 1000000      | 0,1471538       | 0,0642329     | 0,0829209     | -56,3 
 491 | 1000000      | 0,1139471       | 0,0467430     | 0,0672041     | -59,0 
 492 | 1000000      | 0,1459288       | 0,0644275     | 0,0815013     | -55,9 
 493 | 1000000      | 0,1455693       | 0,0629532     | 0,0826161     | -56,8 
 494 | 1000000      | 0,1463416       | 0,0655032     | 0,0808384     | -55,2 
 495 | 1000000      | 0,0962965       | 0,0411656     | 0,0551309     | -57,3 
 496 | 1000000      | 0,1297094       | 0,0563423     | 0,0733671     | -56,6 
 497 | 1000000      | 0,1458456       | 0,0675095     | 0,0783361     | -53,7 
 498 | 1000000      | 0,1469004       | 0,0641183     | 0,0827821     | -56,4 
 499 | 1000000      | 0,1458862       | 0,0643401     | 0,0815461     | -55,9 
 500 | 1000000      | 0,1180849       | 0,0526192     | 0,0654657     | -55,4 
 501 | 10000000     | 0,9543625       | 0,4255346     | 0,5288279     | -55,4 
 502 | 10000000     | 0,9897312       | 0,4316647     | 0,5580665     | -56,4 
 503 | 10000000     | 0,9668679       | 0,6841662     | 0,2827017     | -29,2 
 504 | 10000000     | 0,8983787       | 0,3954328     | 0,5029459     | -56,0 
 505 | 10000000     | 0,8642300       | 0,3876556     | 0,4765744     | -55,1 
 506 | 10000000     | 1,3487073       | 0,5258406     | 0,8228667     | -61,0 
 507 | 10000000     | 1,1068380       | 0,4672312     | 0,6396068     | -57,8 
 508 | 10000000     | 1,0931663       | 0,4960716     | 0,5970947     | -54,6 
 509 | 10000000     | 1,1014819       | 0,4752473     | 0,6262346     | -56,9 
 510 | 10000000     | 1,0658835       | 0,4709637     | 0,5949198     | -55,8 
 511 | 10000000     | 1,0438277       | 0,4534262     | 0,5904015     | -56,6 
 512 | 10000000     | 1,0374274       | 0,4699185     | 0,5675089     | -54,7 
 513 | 10000000     | 1,0432518       | 0,4600773     | 0,5831745     | -55,9 
 514 | 10000000     | 1,2105488       | 0,5175991     | 0,6929497     | -57,2 
 515 | 10000000     | 1,0645499       | 0,4906057     | 0,5739442     | -53,9 
 516 | 10000000     | 1,0929261       | 0,4986605     | 0,5942656     | -54,4 
 517 | 10000000     | 1,0840961       | 0,4533043     | 0,6307918     | -58,2 
 518 | 10000000     | 1,0297548       | 0,4582028     | 0,5715520     | -55,5 
 519 | 10000000     | 1,0231015       | 0,6934857     | 0,3296158     | -32,2 
 520 | 10000000     | 1,1263162       | 0,5697053     | 0,5566109     | -49,4 
 521 | 10000000     | 1,1191252       | 0,4974559     | 0,6216693     | -55,5 
 522 | 10000000     | 1,1156335       | 0,4977487     | 0,6178848     | -55,4 
 523 | 10000000     | 1,0844963       | 0,4836758     | 0,6008205     | -55,4 
 524 | 10000000     | 1,0754709       | 0,7470494     | 0,3284215     | -30,5 
 525 | 10000000     | 1,0912200       | 0,5082719     | 0,5829481     | -53,4 
 526 | 10000000     | 1,0937693       | 0,4708175     | 0,6229518     | -57,0 
 527 | 10000000     | 1,0572128       | 0,4744810     | 0,5827318     | -55,1 
 528 | 10000000     | 0,9954475       | 0,4390346     | 0,5564129     | -55,9 
 529 | 10000000     | 0,9510296       | 0,5378178     | 0,4132118     | -43,4 
 530 | 10000000     | 1,1403621       | 0,4119263     | 0,7284358     | -63,9 
 531 | 10000000     | 1,1204574       | 0,4808115     | 0,6396459     | -57,1 
 532 | 10000000     | 1,3597600       | 0,5421561     | 0,8176039     | -60,1 
 533 | 10000000     | 1,0271334       | 0,4432656     | 0,5838678     | -56,8 
 534 | 10000000     | 1,0054972       | 0,4557377     | 0,5497595     | -54,7 
 535 | 10000000     | 1,0151803       | 0,4624402     | 0,5527401     | -54,4 
 536 | 10000000     | 0,9034188       | 0,3919196     | 0,5114992     | -56,6 
 537 | 10000000     | 0,8426551       | 0,6802666     | 0,1623885     | -19,3 
 538 | 10000000     | 1,1263801       | 0,5404054     | 0,5859747     | -52,0 
 539 | 10000000     | 1,0705727       | 0,4693145     | 0,6012582     | -56,2 
 540 | 10000000     | 1,0615091       | 0,4841284     | 0,5773807     | -54,4 
 541 | 10000000     | 1,0023183       | 0,4416467     | 0,5606716     | -55,9 
 542 | 10000000     | 0,9656805       | 0,5827250     | 0,3829555     | -39,7 
 543 | 10000000     | 0,9645635       | 0,4071718     | 0,5573917     | -57,8 
 544 | 10000000     | 0,8732153       | 0,4082218     | 0,4649935     | -53,3 
 545 | 10000000     | 1,3562072       | 0,5421993     | 0,8140079     | -60,0 
 546 | 10000000     | 1,0957826       | 0,4707493     | 0,6250333     | -57,0 
 547 | 10000000     | 1,0647609       | 0,4649517     | 0,5998092     | -56,3 
 548 | 10000000     | 1,0604280       | 0,4872481     | 0,5731799     | -54,1 
 549 | 10000000     | 0,9808604       | 0,4260608     | 0,5547996     | -56,6 
 550 | 10000000     | 0,9425255       | 0,5410387     | 0,4014868     | -42,6 
 551 | 10000000     | 0,9101316       | 0,4141259     | 0,4960057     | -54,5 
 552 | 10000000     | 0,8523831       | 0,3749119     | 0,4774712     | -56,0 
 553 | 10000000     | 1,3603440       | 0,5263779     | 0,8339661     | -61,3 
 554 | 10000000     | 1,0679021       | 0,4649666     | 0,6029355     | -56,5 
 555 | 10000000     | 1,0320234       | 0,4627325     | 0,5692909     | -55,2 
 556 | 10000000     | 1,0179967       | 0,4874219     | 0,5305748     | -52,1 
 557 | 10000000     | 0,9529455       | 0,4173294     | 0,5356161     | -56,2 
 558 | 10000000     | 0,9113634       | 0,5006530     | 0,4107104     | -45,1 
 559 | 10000000     | 0,8764829       | 0,4121405     | 0,4643424     | -53,0 
 560 | 10000000     | 1,1035777       | 0,4928758     | 0,6107019     | -55,3 
 561 | 10000000     | 1,2797446       | 0,4987469     | 0,7809977     | -61,0 
 562 | 10000000     | 1,1269487       | 0,5467906     | 0,5801581     | -51,5 
 563 | 10000000     | 1,1168825       | 0,4908119     | 0,6260706     | -56,1 
 564 | 10000000     | 1,3582276       | 0,5335108     | 0,8247168     | -60,7 
 565 | 10000000     | 1,0945514       | 0,4760331     | 0,6185183     | -56,5 
 566 | 10000000     | 1,0747340       | 0,4658571     | 0,6088769     | -56,7 
 567 | 10000000     | 1,0732828       | 0,4756046     | 0,5976782     | -55,7 
 568 | 10000000     | 1,0310535       | 0,4510083     | 0,5800452     | -56,3 
 569 | 10000000     | 1,0040131       | 0,4374373     | 0,5665758     | -56,4 
 570 | 10000000     | 1,0187805       | 0,4881318     | 0,5306487     | -52,1 
 571 | 10000000     | 0,8871924       | 0,4072423     | 0,4799501     | -54,1 
 572 | 10000000     | 0,8642457       | 0,6977557     | 0,1664900     | -19,3 
 573 | 10000000     | 0,9846651       | 0,4747421     | 0,5099230     | -51,8 
 574 | 10000000     | 0,9952320       | 0,4402507     | 0,5549813     | -55,8 
 575 | 10000000     | 1,0358959       | 0,4578359     | 0,5780600     | -55,8 
 576 | 10000000     | 0,9993927       | 0,4400697     | 0,5593230     | -56,0 
 577 | 10000000     | 1,1838866       | 0,5442731     | 0,6396135     | -54,0 
 578 | 10000000     | 0,8750325       | 0,3981952     | 0,4768373     | -54,5 
 579 | 10000000     | 0,8551277       | 0,6212276     | 0,2339001     | -27,4 
 580 | 10000000     | 0,8741250       | 0,4187788     | 0,4553462     | -52,1 
 581 | 10000000     | 1,1243878       | 0,5072641     | 0,6171237     | -54,9 
 582 | 10000000     | 0,9986097       | 0,4737405     | 0,5248692     | -52,6 
 583 | 10000000     | 0,8488112       | 0,3795886     | 0,4692226     | -55,3 
 584 | 10000000     | 0,8756033       | 0,5338554     | 0,3417479     | -39,0 
 585 | 10000000     | 1,1514541       | 0,5518970     | 0,5995571     | -52,1 
 586 | 10000000     | 1,1079994       | 0,4702509     | 0,6377485     | -57,6 
 587 | 10000000     | 1,1000830       | 0,4815133     | 0,6185697     | -56,2 
 588 | 10000000     | 1,0709969       | 0,4630647     | 0,6079322     | -56,8 
 589 | 10000000     | 1,0388569       | 0,6694644     | 0,3693925     | -35,6 
 590 | 10000000     | 1,0880733       | 0,7023251     | 0,3857482     | -35,5 
 591 | 10000000     | 1,1122704       | 0,4856722     | 0,6265982     | -56,3 
 592 | 10000000     | 1,3564429       | 0,5354711     | 0,8209718     | -60,5 
 593 | 10000000     | 1,1212022       | 0,4893441     | 0,6318581     | -56,4 
 594 | 10000000     | 1,1198930       | 0,7751181     | 0,3447749     | -30,8 
 595 | 10000000     | 1,1406005       | 0,4998206     | 0,6407799     | -56,2 
 596 | 10000000     | 0,8658626       | 0,5385694     | 0,3272932     | -37,8 
 597 | 10000000     | 1,1663417       | 0,5246375     | 0,6417042     | -55,0 
 598 | 10000000     | 0,8836554       | 0,5561114     | 0,3275440     | -37,1 
 599 | 10000000     | 1,1049676       | 0,4872332     | 0,6177344     | -55,9 
 600 | 10000000     | 1,1090830       | 0,4981760     | 0,6109070     | -55,1 

Для выборки размером: 100
	- всего тестов: 100
	- успешных случаев: 0
	- % успешных тестов: 0,0%
Для выборки размером: 1000
	- всего тестов: 100
	- успешных случаев: 1
	- % успешных тестов: 1,0%
	- среднее время последовательного теста: 0,0001794
	- среднее время параллельного теста: 0,0006378
	- рост производительности для успешных случаев в среднем на: 93,1%
Для выборки размером: 10000
	- всего тестов: 100
	- успешных случаев: 79
	- % успешных тестов: 79,0%
	- среднее время последовательного теста: 0,0011378
	- среднее время параллельного теста: 0,0010251
	- рост производительности для успешных случаев в среднем на: 12,5%
Для выборки размером: 100000
	- всего тестов: 100
	- успешных случаев: 100
	- % успешных тестов: 100,0%
	- среднее время последовательного теста: 0,0121282
	- среднее время параллельного теста: 0,0054574
	- рост производительности для успешных случаев в среднем на: 55,0%
Для выборки размером: 1000000
	- всего тестов: 100
	- успешных случаев: 99
	- % успешных тестов: 99,0%
	- среднее время последовательного теста: 0,1411561
	- среднее время параллельного теста: 0,0624820
	- рост производительности для успешных случаев в среднем на: 56,1%
Для выборки размером: 10000000
	- всего тестов: 100
	- успешных случаев: 100
	- % успешных тестов: 100,0%
	- среднее время последовательного теста: 1,0491148
	- среднее время параллельного теста: 0,4955649
	- рост производительности для успешных случаев в среднем на: 52,3%

Сто тестов всех видов выборок, выборки сгенерированы заранее
 №   | выборка, чел | последовательно | параллельно   | разность, сек | %
------------------------------------------------------------------------------
 1   | 100          | 0,0000291       | 0,0002248     | -0,0001957    | 672,5 
 2   | 100          | 0,0000152       | 0,0001530     | -0,0001378    | 906,6 
 3   | 100          | 0,0000278       | 0,0001893     | -0,0001615    | 580,9 
 4   | 100          | 0,0000149       | 0,0001963     | -0,0001814    | 1217,4 
 5   | 100          | 0,0000132       | 0,0001952     | -0,0001820    | 1378,8 
 6   | 100          | 0,0000126       | 0,0001430     | -0,0001304    | 1034,9 
 7   | 100          | 0,0000422       | 0,0001764     | -0,0001342    | 318,0 
 8   | 100          | 0,0000255       | 0,0001239     | -0,0000984    | 385,9 
 9   | 100          | 0,0000127       | 0,0001398     | -0,0001271    | 1000,8 
 10  | 100          | 0,0000120       | 0,0001434     | -0,0001314    | 1095,0 
 11  | 100          | 0,0000155       | 0,0001735     | -0,0001580    | 1019,4 
 12  | 100          | 0,0000285       | 0,0001504     | -0,0001219    | 427,7 
 13  | 100          | 0,0000120       | 0,0001541     | -0,0001421    | 1184,2 
 14  | 100          | 0,0000115       | 0,0001433     | -0,0001318    | 1146,1 
 15  | 100          | 0,0000116       | 0,0001634     | -0,0001518    | 1308,6 
 16  | 100          | 0,0000243       | 0,0001170     | -0,0000927    | 381,5 
 17  | 100          | 0,0000117       | 0,0001135     | -0,0001018    | 870,1 
 18  | 100          | 0,0000117       | 0,0001402     | -0,0001285    | 1098,3 
 19  | 100          | 0,0000113       | 0,0002190     | -0,0002077    | 1838,1 
 20  | 100          | 0,0000276       | 0,0001443     | -0,0001167    | 422,8 
 21  | 100          | 0,0000139       | 0,0001445     | -0,0001306    | 939,6 
 22  | 100          | 0,0000136       | 0,0001261     | -0,0001125    | 827,2 
 23  | 100          | 0,0000136       | 0,0002552     | -0,0002416    | 1776,5 
 24  | 100          | 0,0000117       | 0,0001323     | -0,0001206    | 1030,8 
 25  | 100          | 0,0000109       | 0,0000596     | -0,0000487    | 446,8 
 26  | 100          | 0,0000106       | 0,0000445     | -0,0000339    | 319,8 
 27  | 100          | 0,0000101       | 0,0000439     | -0,0000338    | 334,7 
 28  | 100          | 0,0000102       | 0,0000432     | -0,0000330    | 323,5 
 29  | 100          | 0,0000102       | 0,0001923     | -0,0001821    | 1785,3 
 30  | 100          | 0,0000110       | 0,0000692     | -0,0000582    | 529,1 
 31  | 100          | 0,0000100       | 0,0000437     | -0,0000337    | 337,0 
 32  | 100          | 0,0000111       | 0,0001287     | -0,0001176    | 1059,5 
 33  | 100          | 0,0000232       | 0,0001891     | -0,0001659    | 715,1 
 34  | 100          | 0,0000118       | 0,0001773     | -0,0001655    | 1402,5 
 35  | 100          | 0,0000243       | 0,0001831     | -0,0001588    | 653,5 
 36  | 100          | 0,0000132       | 0,0001699     | -0,0001567    | 1187,1 
 37  | 100          | 0,0000118       | 0,0001833     | -0,0001715    | 1453,4 
 38  | 100          | 0,0000130       | 0,0001244     | -0,0001114    | 856,9 
 39  | 100          | 0,0000117       | 0,0001843     | -0,0001726    | 1475,2 
 40  | 100          | 0,0000113       | 0,0001946     | -0,0001833    | 1622,1 
 41  | 100          | 0,0000110       | 0,0001804     | -0,0001694    | 1540,0 
 42  | 100          | 0,0000112       | 0,0001649     | -0,0001537    | 1372,3 
 43  | 100          | 0,0000243       | 0,0001473     | -0,0001230    | 506,2 
 44  | 100          | 0,0000116       | 0,0000780     | -0,0000664    | 572,4 
 45  | 100          | 0,0000119       | 0,0001238     | -0,0001119    | 940,3 
 46  | 100          | 0,0000112       | 0,0001625     | -0,0001513    | 1350,9 
 47  | 100          | 0,0000232       | 0,0001694     | -0,0001462    | 630,2 
 48  | 100          | 0,0000151       | 0,0002156     | -0,0002005    | 1327,8 
 49  | 100          | 0,0000244       | 0,0001325     | -0,0001081    | 443,0 
 50  | 100          | 0,0000153       | 0,0001632     | -0,0001479    | 966,7 
 51  | 100          | 0,0000125       | 0,0001460     | -0,0001335    | 1068,0 
 52  | 100          | 0,0000159       | 0,0001803     | -0,0001644    | 1034,0 
 53  | 100          | 0,0000148       | 0,0001403     | -0,0001255    | 848,0 
 54  | 100          | 0,0000132       | 0,0001702     | -0,0001570    | 1189,4 
 55  | 100          | 0,0000251       | 0,0002000     | -0,0001749    | 696,8 
 56  | 100          | 0,0000156       | 0,0001226     | -0,0001070    | 685,9 
 57  | 100          | 0,0000244       | 0,0002565     | -0,0002321    | 951,2 
 58  | 100          | 0,0000246       | 0,0002298     | -0,0002052    | 834,1 
 59  | 100          | 0,0000126       | 0,0001977     | -0,0001851    | 1469,0 
 60  | 100          | 0,0000115       | 0,0002020     | -0,0001905    | 1656,5 
 61  | 100          | 0,0000123       | 0,0001679     | -0,0001556    | 1265,0 
 62  | 100          | 0,0000243       | 0,0001425     | -0,0001182    | 486,4 
 63  | 100          | 0,0000125       | 0,0001739     | -0,0001614    | 1291,2 
 64  | 100          | 0,0000121       | 0,0001535     | -0,0001414    | 1168,6 
 65  | 100          | 0,0000117       | 0,0001674     | -0,0001557    | 1330,8 
 66  | 100          | 0,0000120       | 0,0001665     | -0,0001545    | 1287,5 
 67  | 100          | 0,0000119       | 0,0001503     | -0,0001384    | 1163,0 
 68  | 100          | 0,0000120       | 0,0001897     | -0,0001777    | 1480,8 
 69  | 100          | 0,0000155       | 0,0001596     | -0,0001441    | 929,7 
 70  | 100          | 0,0000122       | 0,0001862     | -0,0001740    | 1426,2 
 71  | 100          | 0,0000119       | 0,0001741     | -0,0001622    | 1363,0 
 72  | 100          | 0,0000121       | 0,0001746     | -0,0001625    | 1343,0 
 73  | 100          | 0,0000134       | 0,0001267     | -0,0001133    | 845,5 
 74  | 100          | 0,0000124       | 0,0001743     | -0,0001619    | 1305,6 
 75  | 100          | 0,0000141       | 0,0001886     | -0,0001745    | 1237,6 
 76  | 100          | 0,0000121       | 0,0001348     | -0,0001227    | 1014,0 
 77  | 100          | 0,0000120       | 0,0001659     | -0,0001539    | 1282,5 
 78  | 100          | 0,0000120       | 0,0001869     | -0,0001749    | 1457,5 
 79  | 100          | 0,0000116       | 0,0001857     | -0,0001741    | 1500,9 
 80  | 100          | 0,0000117       | 0,0001878     | -0,0001761    | 1505,1 
 81  | 100          | 0,0000118       | 0,0001871     | -0,0001753    | 1485,6 
 82  | 100          | 0,0000117       | 0,0001731     | -0,0001614    | 1379,5 
 83  | 100          | 0,0000138       | 0,0001879     | -0,0001741    | 1261,6 
 84  | 100          | 0,0000137       | 0,0001741     | -0,0001604    | 1170,8 
 85  | 100          | 0,0000129       | 0,0001347     | -0,0001218    | 944,2 
 86  | 100          | 0,0000103       | 0,0001882     | -0,0001779    | 1727,2 
 87  | 100          | 0,0000132       | 0,0001537     | -0,0001405    | 1064,4 
 88  | 100          | 0,0000125       | 0,0001425     | -0,0001300    | 1040,0 
 89  | 100          | 0,0000114       | 0,0001679     | -0,0001565    | 1372,8 
 90  | 100          | 0,0000120       | 0,0001604     | -0,0001484    | 1236,7 
 91  | 100          | 0,0000116       | 0,0001874     | -0,0001758    | 1515,5 
 92  | 100          | 0,0000118       | 0,0001718     | -0,0001600    | 1355,9 
 93  | 100          | 0,0000124       | 0,0001348     | -0,0001224    | 987,1 
 94  | 100          | 0,0000140       | 0,0001548     | -0,0001408    | 1005,7 
 95  | 100          | 0,0000135       | 0,0001674     | -0,0001539    | 1140,0 
 96  | 100          | 0,0000115       | 0,0001863     | -0,0001748    | 1520,0 
 97  | 100          | 0,0000122       | 0,0001549     | -0,0001427    | 1169,7 
 98  | 100          | 0,0000135       | 0,0001668     | -0,0001533    | 1135,6 
 99  | 100          | 0,0000117       | 0,0001794     | -0,0001677    | 1433,3 
 100 | 100          | 0,0000130       | 0,0001429     | -0,0001299    | 999,2 
 101 | 1000         | 0,0000960       | 0,0002033     | -0,0001073    | 111,8 
 102 | 1000         | 0,0000909       | 0,0002017     | -0,0001108    | 121,9 
 103 | 1000         | 0,0000911       | 0,0002024     | -0,0001113    | 122,2 
 104 | 1000         | 0,0000884       | 0,0002153     | -0,0001269    | 143,6 
 105 | 1000         | 0,0000874       | 0,0002317     | -0,0001443    | 165,1 
 106 | 1000         | 0,0000891       | 0,0002139     | -0,0001248    | 140,1 
 107 | 1000         | 0,0000881       | 0,0002213     | -0,0001332    | 151,2 
 108 | 1000         | 0,0000893       | 0,0002284     | -0,0001391    | 155,8 
 109 | 1000         | 0,0000848       | 0,0002193     | -0,0001345    | 158,6 
 110 | 1000         | 0,0000955       | 0,0002191     | -0,0001236    | 129,4 
 111 | 1000         | 0,0000878       | 0,0002039     | -0,0001161    | 132,2 
 112 | 1000         | 0,0000874       | 0,0003585     | -0,0002711    | 310,2 
 113 | 1000         | 0,0000859       | 0,0003241     | -0,0002382    | 277,3 
 114 | 1000         | 0,0000871       | 0,0002944     | -0,0002073    | 238,0 
 115 | 1000         | 0,0000867       | 0,0003060     | -0,0002193    | 252,9 
 116 | 1000         | 0,0000860       | 0,0002505     | -0,0001645    | 191,3 
 117 | 1000         | 0,0000842       | 0,0002398     | -0,0001556    | 184,8 
 118 | 1000         | 0,0000882       | 0,0002470     | -0,0001588    | 180,0 
 119 | 1000         | 0,0000852       | 0,0002480     | -0,0001628    | 191,1 
 120 | 1000         | 0,0000839       | 0,0002528     | -0,0001689    | 201,3 
 121 | 1000         | 0,0000913       | 0,0002458     | -0,0001545    | 169,2 
 122 | 1000         | 0,0000850       | 0,0002359     | -0,0001509    | 177,5 
 123 | 1000         | 0,0000858       | 0,0002442     | -0,0001584    | 184,6 
 124 | 1000         | 0,0000875       | 0,0002867     | -0,0001992    | 227,7 
 125 | 1000         | 0,0000853       | 0,0003461     | -0,0002608    | 305,7 
 126 | 1000         | 0,0000843       | 0,0002489     | -0,0001646    | 195,3 
 127 | 1000         | 0,0000860       | 0,0002506     | -0,0001646    | 191,4 
 128 | 1000         | 0,0000824       | 0,0002470     | -0,0001646    | 199,8 
 129 | 1000         | 0,0000820       | 0,0002417     | -0,0001597    | 194,8 
 130 | 1000         | 0,0000818       | 0,0002265     | -0,0001447    | 176,9 
 131 | 1000         | 0,0000880       | 0,0002584     | -0,0001704    | 193,6 
 132 | 1000         | 0,0000867       | 0,0002512     | -0,0001645    | 189,7 
 133 | 1000         | 0,0000843       | 0,0002555     | -0,0001712    | 203,1 
 134 | 1000         | 0,0000857       | 0,0002447     | -0,0001590    | 185,5 
 135 | 1000         | 0,0000849       | 0,0002496     | -0,0001647    | 194,0 
 136 | 1000         | 0,0000848       | 0,0002383     | -0,0001535    | 181,0 
 137 | 1000         | 0,0000842       | 0,0002480     | -0,0001638    | 194,5 
 138 | 1000         | 0,0000828       | 0,0002432     | -0,0001604    | 193,7 
 139 | 1000         | 0,0000840       | 0,0002481     | -0,0001641    | 195,4 
 140 | 1000         | 0,0000851       | 0,0002448     | -0,0001597    | 187,7 
 141 | 1000         | 0,0000839       | 0,0002451     | -0,0001612    | 192,1 
 142 | 1000         | 0,0000850       | 0,0002509     | -0,0001659    | 195,2 
 143 | 1000         | 0,0000841       | 0,0003234     | -0,0002393    | 284,5 
 144 | 1000         | 0,0000835       | 0,0002479     | -0,0001644    | 196,9 
 145 | 1000         | 0,0000838       | 0,0002417     | -0,0001579    | 188,4 
 146 | 1000         | 0,0000820       | 0,0002334     | -0,0001514    | 184,6 
 147 | 1000         | 0,0000840       | 0,0002268     | -0,0001428    | 170,0 
 148 | 1000         | 0,0000846       | 0,0002249     | -0,0001403    | 165,8 
 149 | 1000         | 0,0000831       | 0,0002339     | -0,0001508    | 181,5 
 150 | 1000         | 0,0000851       | 0,0002496     | -0,0001645    | 193,3 
 151 | 1000         | 0,0000829       | 0,0002443     | -0,0001614    | 194,7 
 152 | 1000         | 0,0000827       | 0,0002460     | -0,0001633    | 197,5 
 153 | 1000         | 0,0000859       | 0,0002394     | -0,0001535    | 178,7 
 154 | 1000         | 0,0000835       | 0,0002497     | -0,0001662    | 199,0 
 155 | 1000         | 0,0000833       | 0,0002405     | -0,0001572    | 188,7 
 156 | 1000         | 0,0000862       | 0,0002460     | -0,0001598    | 185,4 
 157 | 1000         | 0,0000831       | 0,0002282     | -0,0001451    | 174,6 
 158 | 1000         | 0,0000840       | 0,0002505     | -0,0001665    | 198,2 
 159 | 1000         | 0,0000824       | 0,0002978     | -0,0002154    | 261,4 
 160 | 1000         | 0,0000840       | 0,0002379     | -0,0001539    | 183,2 
 161 | 1000         | 0,0000832       | 0,0002424     | -0,0001592    | 191,3 
 162 | 1000         | 0,0000834       | 0,0002434     | -0,0001600    | 191,8 
 163 | 1000         | 0,0000822       | 0,0002411     | -0,0001589    | 193,3 
 164 | 1000         | 0,0000824       | 0,0002411     | -0,0001587    | 192,6 
 165 | 1000         | 0,0000819       | 0,0002456     | -0,0001637    | 199,9 
 166 | 1000         | 0,0000824       | 0,0002255     | -0,0001431    | 173,7 
 167 | 1000         | 0,0000858       | 0,0002427     | -0,0001569    | 182,9 
 168 | 1000         | 0,0000821       | 0,0002223     | -0,0001402    | 170,8 
 169 | 1000         | 0,0000825       | 0,0002403     | -0,0001578    | 191,3 
 170 | 1000         | 0,0000832       | 0,0002460     | -0,0001628    | 195,7 
 171 | 1000         | 0,0000858       | 0,0002563     | -0,0001705    | 198,7 
 172 | 1000         | 0,0000819       | 0,0003328     | -0,0002509    | 306,3 
 173 | 1000         | 0,0000831       | 0,0002384     | -0,0001553    | 186,9 
 174 | 1000         | 0,0000819       | 0,0002437     | -0,0001618    | 197,6 
 175 | 1000         | 0,0000818       | 0,0002564     | -0,0001746    | 213,4 
 176 | 1000         | 0,0000852       | 0,0002286     | -0,0001434    | 168,3 
 177 | 1000         | 0,0000847       | 0,0002000     | -0,0001153    | 136,1 
 178 | 1000         | 0,0000834       | 0,0002480     | -0,0001646    | 197,4 
 179 | 1000         | 0,0000833       | 0,0002474     | -0,0001641    | 197,0 
 180 | 1000         | 0,0000832       | 0,0002341     | -0,0001509    | 181,4 
 181 | 1000         | 0,0000827       | 0,0002483     | -0,0001656    | 200,2 
 182 | 1000         | 0,0000828       | 0,0002399     | -0,0001571    | 189,7 
 183 | 1000         | 0,0000818       | 0,0002363     | -0,0001545    | 188,9 
 184 | 1000         | 0,0000871       | 0,0002404     | -0,0001533    | 176,0 
 185 | 1000         | 0,0000820       | 0,0002297     | -0,0001477    | 180,1 
 186 | 1000         | 0,0000816       | 0,0002330     | -0,0001514    | 185,5 
 187 | 1000         | 0,0000814       | 0,0002398     | -0,0001584    | 194,6 
 188 | 1000         | 0,0000839       | 0,0002470     | -0,0001631    | 194,4 
 189 | 1000         | 0,0000861       | 0,0002350     | -0,0001489    | 172,9 
 190 | 1000         | 0,0000834       | 0,0002848     | -0,0002014    | 241,5 
 191 | 1000         | 0,0000833       | 0,0002470     | -0,0001637    | 196,5 
 192 | 1000         | 0,0000856       | 0,0002312     | -0,0001456    | 170,1 
 193 | 1000         | 0,0000832       | 0,0002404     | -0,0001572    | 188,9 
 194 | 1000         | 0,0000842       | 0,0002486     | -0,0001644    | 195,2 
 195 | 1000         | 0,0000860       | 0,0002467     | -0,0001607    | 186,9 
 196 | 1000         | 0,0000829       | 0,0002524     | -0,0001695    | 204,5 
 197 | 1000         | 0,0000852       | 0,0002382     | -0,0001530    | 179,6 
 198 | 1000         | 0,0000833       | 0,0002520     | -0,0001687    | 202,5 
 199 | 1000         | 0,0000845       | 0,0002400     | -0,0001555    | 184,0 
 200 | 1000         | 0,0000832       | 0,0002470     | -0,0001638    | 196,9 
 201 | 10000        | 0,0008125       | 0,0006589     | 0,0001536     | -18,9 
 202 | 10000        | 0,0007753       | 0,0007031     | 0,0000722     | -9,3 
 203 | 10000        | 0,0007729       | 0,0007264     | 0,0000465     | -6,0 
 204 | 10000        | 0,0007435       | 0,0007810     | -0,0000375    |  5,0 
 205 | 10000        | 0,0007597       | 0,0007537     | 0,0000060     | -0,8 
 206 | 10000        | 0,0007585       | 0,0007711     | -0,0000126    |  1,7 
 207 | 10000        | 0,0007381       | 0,0007981     | -0,0000600    |  8,1 
 208 | 10000        | 0,0009326       | 0,0007807     | 0,0001519     | -16,3 
 209 | 10000        | 0,0007608       | 0,0007741     | -0,0000133    |  1,7 
 210 | 10000        | 0,0007363       | 0,0007858     | -0,0000495    |  6,7 
 211 | 10000        | 0,0007564       | 0,0007570     | -0,0000006    |  0,1 
 212 | 10000        | 0,0007357       | 0,0007285     | 0,0000072     | -1,0 
 213 | 10000        | 0,0007594       | 0,0008393     | -0,0000799    | 10,5 
 214 | 10000        | 0,0007326       | 0,0007680     | -0,0000354    |  4,8 
 215 | 10000        | 0,0007343       | 0,0006986     | 0,0000357     | -4,9 
 216 | 10000        | 0,0007456       | 0,0007858     | -0,0000402    |  5,4 
 217 | 10000        | 0,0007745       | 0,0007601     | 0,0000144     | -1,9 
 218 | 10000        | 0,0007373       | 0,0008834     | -0,0001461    | 19,8 
 219 | 10000        | 0,0007582       | 0,0007860     | -0,0000278    |  3,7 
 220 | 10000        | 0,0008029       | 0,0007612     | 0,0000417     | -5,2 
 221 | 10000        | 0,0007650       | 0,0007629     | 0,0000021     | -0,3 
 222 | 10000        | 0,0007582       | 0,0008053     | -0,0000471    |  6,2 
 223 | 10000        | 0,0007570       | 0,0007194     | 0,0000376     | -5,0 
 224 | 10000        | 0,0007531       | 0,0007573     | -0,0000042    |  0,6 
 225 | 10000        | 0,0007659       | 0,0007235     | 0,0000424     | -5,5 
 226 | 10000        | 0,0007563       | 0,0007455     | 0,0000108     | -1,4 
 227 | 10000        | 0,0007577       | 0,0007939     | -0,0000362    |  4,8 
 228 | 10000        | 0,0007618       | 0,0008075     | -0,0000457    |  6,0 
 229 | 10000        | 0,0007610       | 0,0007406     | 0,0000204     | -2,7 
 230 | 10000        | 0,0008451       | 0,0007500     | 0,0000951     | -11,3 
 231 | 10000        | 0,0007696       | 0,0007758     | -0,0000062    |  0,8 
 232 | 10000        | 0,0007592       | 0,0007193     | 0,0000399     | -5,3 
 233 | 10000        | 0,0007617       | 0,0006831     | 0,0000786     | -10,3 
 234 | 10000        | 0,0007609       | 0,0007333     | 0,0000276     | -3,6 
 235 | 10000        | 0,0007628       | 0,0007535     | 0,0000093     | -1,2 
 236 | 10000        | 0,0008171       | 0,0007714     | 0,0000457     | -5,6 
 237 | 10000        | 0,0007639       | 0,0006758     | 0,0000881     | -11,5 
 238 | 10000        | 0,0007609       | 0,0007266     | 0,0000343     | -4,5 
 239 | 10000        | 0,0007627       | 0,0007340     | 0,0000287     | -3,8 
 240 | 10000        | 0,0008055       | 0,0007544     | 0,0000511     | -6,3 
 241 | 10000        | 0,0007838       | 0,0007861     | -0,0000023    |  0,3 
 242 | 10000        | 0,0007690       | 0,0007685     | 0,0000005     | -0,1 
 243 | 10000        | 0,0007551       | 0,0006911     | 0,0000640     | -8,5 
 244 | 10000        | 0,0007584       | 0,0007356     | 0,0000228     | -3,0 
 245 | 10000        | 0,0007569       | 0,0007664     | -0,0000095    |  1,3 
 246 | 10000        | 0,0007713       | 0,0007565     | 0,0000148     | -1,9 
 247 | 10000        | 0,0007549       | 0,0007549     | 0,0000000     |  0,0 
 248 | 10000        | 0,0007707       | 0,0008961     | -0,0001254    | 16,3 
 249 | 10000        | 0,0007555       | 0,0008234     | -0,0000679    |  9,0 
 250 | 10000        | 0,0007778       | 0,0007846     | -0,0000068    |  0,9 
 251 | 10000        | 0,0007633       | 0,0007355     | 0,0000278     | -3,6 
 252 | 10000        | 0,0007719       | 0,0007924     | -0,0000205    |  2,7 
 253 | 10000        | 0,0007550       | 0,0007894     | -0,0000344    |  4,6 
 254 | 10000        | 0,0007536       | 0,0008542     | -0,0001006    | 13,3 
 255 | 10000        | 0,0007519       | 0,0006863     | 0,0000656     | -8,7 
 256 | 10000        | 0,0007619       | 0,0007839     | -0,0000220    |  2,9 
 257 | 10000        | 0,0007608       | 0,0006701     | 0,0000907     | -11,9 
 258 | 10000        | 0,0007848       | 0,0006595     | 0,0001253     | -16,0 
 259 | 10000        | 0,0007589       | 0,0008025     | -0,0000436    |  5,7 
 260 | 10000        | 0,0008467       | 0,0006981     | 0,0001486     | -17,6 
 261 | 10000        | 0,0007575       | 0,0007381     | 0,0000194     | -2,6 
 262 | 10000        | 0,0007594       | 0,0007250     | 0,0000344     | -4,5 
 263 | 10000        | 0,0007545       | 0,0006951     | 0,0000594     | -7,9 
 264 | 10000        | 0,0007625       | 0,0007511     | 0,0000114     | -1,5 
 265 | 10000        | 0,0007450       | 0,0006858     | 0,0000592     | -7,9 
 266 | 10000        | 0,0007498       | 0,0006927     | 0,0000571     | -7,6 
 267 | 10000        | 0,0007759       | 0,0007502     | 0,0000257     | -3,3 
 268 | 10000        | 0,0007806       | 0,0007152     | 0,0000654     | -8,4 
 269 | 10000        | 0,0007697       | 0,0007657     | 0,0000040     | -0,5 
 270 | 10000        | 0,0007627       | 0,0007414     | 0,0000213     | -2,8 
 271 | 10000        | 0,0007599       | 0,0007062     | 0,0000537     | -7,1 
 272 | 10000        | 0,0007615       | 0,0007655     | -0,0000040    |  0,5 
 273 | 10000        | 0,0007697       | 0,0007534     | 0,0000163     | -2,1 
 274 | 10000        | 0,0007566       | 0,0007279     | 0,0000287     | -3,8 
 275 | 10000        | 0,0007611       | 0,0007327     | 0,0000284     | -3,7 
 276 | 10000        | 0,0007592       | 0,0006818     | 0,0000774     | -10,2 
 277 | 10000        | 0,0007608       | 0,0008636     | -0,0001028    | 13,5 
 278 | 10000        | 0,0007583       | 0,0008839     | -0,0001256    | 16,6 
 279 | 10000        | 0,0007562       | 0,0009848     | -0,0002286    | 30,2 
 280 | 10000        | 0,0007542       | 0,0009567     | -0,0002025    | 26,8 
 281 | 10000        | 0,0007570       | 0,0009356     | -0,0001786    | 23,6 
 282 | 10000        | 0,0008380       | 0,0008995     | -0,0000615    |  7,3 
 283 | 10000        | 0,0007552       | 0,0009482     | -0,0001930    | 25,6 
 284 | 10000        | 0,0007588       | 0,0009698     | -0,0002110    | 27,8 
 285 | 10000        | 0,0007550       | 0,0009535     | -0,0001985    | 26,3 
 286 | 10000        | 0,0007684       | 0,0009398     | -0,0001714    | 22,3 
 287 | 10000        | 0,0007580       | 0,0009085     | -0,0001505    | 19,9 
 288 | 10000        | 0,0007545       | 0,0010011     | -0,0002466    | 32,7 
 289 | 10000        | 0,0007572       | 0,0007626     | -0,0000054    |  0,7 
 290 | 10000        | 0,0007718       | 0,0007728     | -0,0000010    |  0,1 
 291 | 10000        | 0,0008183       | 0,0007381     | 0,0000802     | -9,8 
 292 | 10000        | 0,0007520       | 0,0007601     | -0,0000081    |  1,1 
 293 | 10000        | 0,0007683       | 0,0007417     | 0,0000266     | -3,5 
 294 | 10000        | 0,0007566       | 0,0007351     | 0,0000215     | -2,8 
 295 | 10000        | 0,0007565       | 0,0007603     | -0,0000038    |  0,5 
 296 | 10000        | 0,0007694       | 0,0007578     | 0,0000116     | -1,5 
 297 | 10000        | 0,0007490       | 0,0007418     | 0,0000072     | -1,0 
 298 | 10000        | 0,0007528       | 0,0007583     | -0,0000055    |  0,7 
 299 | 10000        | 0,0007574       | 0,0007966     | -0,0000392    |  5,2 
 300 | 10000        | 0,0007645       | 0,0007441     | 0,0000204     | -2,7 
 301 | 100000       | 0,0083891       | 0,0029144     | 0,0054747     | -65,3 
 302 | 100000       | 0,0079860       | 0,0031053     | 0,0048807     | -61,1 
 303 | 100000       | 0,0073963       | 0,0029407     | 0,0044556     | -60,2 
 304 | 100000       | 0,0072330       | 0,0030077     | 0,0042253     | -58,4 
 305 | 100000       | 0,0072348       | 0,0031037     | 0,0041311     | -57,1 
 306 | 100000       | 0,0073441       | 0,0029124     | 0,0044317     | -60,3 
 307 | 100000       | 0,0072238       | 0,0029296     | 0,0042942     | -59,4 
 308 | 100000       | 0,0074085       | 0,0030936     | 0,0043149     | -58,2 
 309 | 100000       | 0,0073135       | 0,0029939     | 0,0043196     | -59,1 
 310 | 100000       | 0,0073336       | 0,0031729     | 0,0041607     | -56,7 
 311 | 100000       | 0,0073486       | 0,0029347     | 0,0044139     | -60,1 
 312 | 100000       | 0,0072598       | 0,0031971     | 0,0040627     | -56,0 
 313 | 100000       | 0,0071682       | 0,0027696     | 0,0043986     | -61,4 
 314 | 100000       | 0,0074181       | 0,0029369     | 0,0044812     | -60,4 
 315 | 100000       | 0,0071878       | 0,0030084     | 0,0041794     | -58,1 
 316 | 100000       | 0,0073803       | 0,0030475     | 0,0043328     | -58,7 
 317 | 100000       | 0,0073977       | 0,0029130     | 0,0044847     | -60,6 
 318 | 100000       | 0,0072422       | 0,0031261     | 0,0041161     | -56,8 
 319 | 100000       | 0,0073738       | 0,0028632     | 0,0045106     | -61,2 
 320 | 100000       | 0,0073286       | 0,0029412     | 0,0043874     | -59,9 
 321 | 100000       | 0,0073851       | 0,0028927     | 0,0044924     | -60,8 
 322 | 100000       | 0,0071531       | 0,0029758     | 0,0041773     | -58,4 
 323 | 100000       | 0,0072622       | 0,0030351     | 0,0042271     | -58,2 
 324 | 100000       | 0,0071290       | 0,0031871     | 0,0039419     | -55,3 
 325 | 100000       | 0,0073286       | 0,0028701     | 0,0044585     | -60,8 
 326 | 100000       | 0,0075584       | 0,0030012     | 0,0045572     | -60,3 
 327 | 100000       | 0,0071233       | 0,0031589     | 0,0039644     | -55,7 
 328 | 100000       | 0,0072058       | 0,0029399     | 0,0042659     | -59,2 
 329 | 100000       | 0,0072451       | 0,0030607     | 0,0041844     | -57,8 
 330 | 100000       | 0,0079203       | 0,0041251     | 0,0037952     | -47,9 
 331 | 100000       | 0,0077221       | 0,1497187     | -0,1419966    | 1838,8 
 332 | 100000       | 0,0083343       | 0,0049066     | 0,0034277     | -41,1 
 333 | 100000       | 0,0074989       | 0,0028641     | 0,0046348     | -61,8 
 334 | 100000       | 0,0077511       | 0,0029355     | 0,0048156     | -62,1 
 335 | 100000       | 0,0072281       | 0,0030524     | 0,0041757     | -57,8 
 336 | 100000       | 0,0083340       | 0,0028794     | 0,0054546     | -65,4 
 337 | 100000       | 0,0076127       | 0,0030226     | 0,0045901     | -60,3 
 338 | 100000       | 0,0073119       | 0,0028886     | 0,0044233     | -60,5 
 339 | 100000       | 0,0072254       | 0,0028343     | 0,0043911     | -60,8 
 340 | 100000       | 0,0075371       | 0,0031318     | 0,0044053     | -58,4 
 341 | 100000       | 0,0073802       | 0,0029554     | 0,0044248     | -60,0 
 342 | 100000       | 0,0073605       | 0,0028738     | 0,0044867     | -61,0 
 343 | 100000       | 0,0072522       | 0,0029436     | 0,0043086     | -59,4 
 344 | 100000       | 0,0073499       | 0,0030633     | 0,0042866     | -58,3 
 345 | 100000       | 0,0074214       | 0,0030339     | 0,0043875     | -59,1 
 346 | 100000       | 0,0074744       | 0,0028938     | 0,0045806     | -61,3 
 347 | 100000       | 0,0072076       | 0,0032373     | 0,0039703     | -55,1 
 348 | 100000       | 0,0071617       | 0,0028841     | 0,0042776     | -59,7 
 349 | 100000       | 0,0073897       | 0,0029865     | 0,0044032     | -59,6 
 350 | 100000       | 0,0074426       | 0,0028085     | 0,0046341     | -62,3 
 351 | 100000       | 0,0073418       | 0,0029617     | 0,0043801     | -59,7 
 352 | 100000       | 0,0074687       | 0,0031860     | 0,0042827     | -57,3 
 353 | 100000       | 0,0073213       | 0,0029282     | 0,0043931     | -60,0 
 354 | 100000       | 0,0071028       | 0,0030044     | 0,0040984     | -57,7 
 355 | 100000       | 0,0075277       | 0,0028647     | 0,0046630     | -61,9 
 356 | 100000       | 0,0072559       | 0,0029405     | 0,0043154     | -59,5 
 357 | 100000       | 0,0071151       | 0,0029665     | 0,0041486     | -58,3 
 358 | 100000       | 0,0077216       | 0,0029806     | 0,0047410     | -61,4 
 359 | 100000       | 0,0077139       | 0,0028762     | 0,0048377     | -62,7 
 360 | 100000       | 0,0072033       | 0,0029046     | 0,0042987     | -59,7 
 361 | 100000       | 0,0073031       | 0,0029119     | 0,0043912     | -60,1 
 362 | 100000       | 0,0073051       | 0,0030487     | 0,0042564     | -58,3 
 363 | 100000       | 0,0072170       | 0,0030901     | 0,0041269     | -57,2 
 364 | 100000       | 0,0072746       | 0,0029166     | 0,0043580     | -59,9 
 365 | 100000       | 0,0073085       | 0,0032381     | 0,0040704     | -55,7 
 366 | 100000       | 0,0071911       | 0,0029291     | 0,0042620     | -59,3 
 367 | 100000       | 0,0072383       | 0,0029415     | 0,0042968     | -59,4 
 368 | 100000       | 0,0073116       | 0,0028648     | 0,0044468     | -60,8 
 369 | 100000       | 0,0071441       | 0,0029876     | 0,0041565     | -58,2 
 370 | 100000       | 0,0072100       | 0,0030742     | 0,0041358     | -57,4 
 371 | 100000       | 0,0071900       | 0,0029851     | 0,0042049     | -58,5 
 372 | 100000       | 0,0071372       | 0,0030376     | 0,0040996     | -57,4 
 373 | 100000       | 0,0072441       | 0,0029322     | 0,0043119     | -59,5 
 374 | 100000       | 0,0071961       | 0,0030478     | 0,0041483     | -57,6 
 375 | 100000       | 0,0071302       | 0,0029799     | 0,0041503     | -58,2 
 376 | 100000       | 0,0073552       | 0,0029176     | 0,0044376     | -60,3 
 377 | 100000       | 0,0073655       | 0,0029454     | 0,0044201     | -60,0 
 378 | 100000       | 0,0073879       | 0,0028776     | 0,0045103     | -61,0 
 379 | 100000       | 0,0073880       | 0,0030179     | 0,0043701     | -59,2 
 380 | 100000       | 0,0072494       | 0,0030400     | 0,0042094     | -58,1 
 381 | 100000       | 0,0073426       | 0,0028579     | 0,0044847     | -61,1 
 382 | 100000       | 0,0075751       | 0,0029711     | 0,0046040     | -60,8 
 383 | 100000       | 0,0072714       | 0,0029498     | 0,0043216     | -59,4 
 384 | 100000       | 0,0074670       | 0,0030214     | 0,0044456     | -59,5 
 385 | 100000       | 0,0077556       | 0,0029452     | 0,0048104     | -62,0 
 386 | 100000       | 0,0072654       | 0,0029459     | 0,0043195     | -59,5 
 387 | 100000       | 0,0073817       | 0,0031355     | 0,0042462     | -57,5 
 388 | 100000       | 0,0072319       | 0,0030084     | 0,0042235     | -58,4 
 389 | 100000       | 0,0072892       | 0,0030194     | 0,0042698     | -58,6 
 390 | 100000       | 0,0074122       | 0,0029006     | 0,0045116     | -60,9 
 391 | 100000       | 0,0075037       | 0,0030019     | 0,0045018     | -60,0 
 392 | 100000       | 0,0073157       | 0,0030768     | 0,0042389     | -57,9 
 393 | 100000       | 0,0089145       | 0,0031780     | 0,0057365     | -64,4 
 394 | 100000       | 0,0075785       | 0,0029628     | 0,0046157     | -60,9 
 395 | 100000       | 0,0074312       | 0,0028981     | 0,0045331     | -61,0 
 396 | 100000       | 0,0071623       | 0,0029339     | 0,0042284     | -59,0 
 397 | 100000       | 0,0072831       | 0,0030470     | 0,0042361     | -58,2 
 398 | 100000       | 0,0073511       | 0,0035662     | 0,0037849     | -51,5 
 399 | 100000       | 0,0075592       | 0,0031630     | 0,0043962     | -58,2 
 400 | 100000       | 0,0075427       | 0,0031323     | 0,0044104     | -58,5 
 401 | 1000000      | 0,0822829       | 0,0344701     | 0,0478128     | -58,1 
 402 | 1000000      | 0,0818258       | 0,0350356     | 0,0467902     | -57,2 
 403 | 1000000      | 0,0824022       | 0,0350708     | 0,0473314     | -57,4 
 404 | 1000000      | 0,0816450       | 0,0346590     | 0,0469860     | -57,5 
 405 | 1000000      | 0,0835222       | 0,0354980     | 0,0480242     | -57,5 
 406 | 1000000      | 0,0828256       | 0,0354578     | 0,0473678     | -57,2 
 407 | 1000000      | 0,0823943       | 0,0357719     | 0,0466224     | -56,6 
 408 | 1000000      | 0,0824885       | 0,0344658     | 0,0480227     | -58,2 
 409 | 1000000      | 0,0835528       | 0,0360001     | 0,0475527     | -56,9 
 410 | 1000000      | 0,0820194       | 0,0349112     | 0,0471082     | -57,4 
 411 | 1000000      | 0,0821027       | 0,0366787     | 0,0454240     | -55,3 
 412 | 1000000      | 0,0830093       | 0,0355191     | 0,0474902     | -57,2 
 413 | 1000000      | 0,0826407       | 0,0367565     | 0,0458842     | -55,5 
 414 | 1000000      | 0,0830222       | 0,0365296     | 0,0464926     | -56,0 
 415 | 1000000      | 0,0822639       | 0,0370492     | 0,0452147     | -55,0 
 416 | 1000000      | 0,0819334       | 0,0361648     | 0,0457686     | -55,9 
 417 | 1000000      | 0,0820861       | 0,0362606     | 0,0458255     | -55,8 
 418 | 1000000      | 0,0825984       | 0,0359879     | 0,0466105     | -56,4 
 419 | 1000000      | 0,0820668       | 0,0356827     | 0,0463841     | -56,5 
 420 | 1000000      | 0,0827653       | 0,0365096     | 0,0462557     | -55,9 
 421 | 1000000      | 0,0824504       | 0,0342137     | 0,0482367     | -58,5 
 422 | 1000000      | 0,0828558       | 0,0346116     | 0,0482442     | -58,2 
 423 | 1000000      | 0,0827669       | 0,0355855     | 0,0471814     | -57,0 
 424 | 1000000      | 0,0826655       | 0,0364867     | 0,0461788     | -55,9 
 425 | 1000000      | 0,0840831       | 0,0369787     | 0,0471044     | -56,0 
 426 | 1000000      | 0,0836442       | 0,0367284     | 0,0469158     | -56,1 
 427 | 1000000      | 0,0839001       | 0,0356493     | 0,0482508     | -57,5 
 428 | 1000000      | 0,0832156       | 0,0364576     | 0,0467580     | -56,2 
 429 | 1000000      | 0,0836886       | 0,0359506     | 0,0477380     | -57,0 
 430 | 1000000      | 0,0820439       | 0,0349897     | 0,0470542     | -57,4 
 431 | 1000000      | 0,0848323       | 0,0367051     | 0,0481272     | -56,7 
 432 | 1000000      | 0,0820923       | 0,0363849     | 0,0457074     | -55,7 
 433 | 1000000      | 0,0837002       | 0,0361358     | 0,0475644     | -56,8 
 434 | 1000000      | 0,0826334       | 0,0352125     | 0,0474209     | -57,4 
 435 | 1000000      | 0,0841657       | 0,0372385     | 0,0469272     | -55,8 
 436 | 1000000      | 0,0841970       | 0,0366031     | 0,0475939     | -56,5 
 437 | 1000000      | 0,0830123       | 0,0348502     | 0,0481621     | -58,0 
 438 | 1000000      | 0,0846643       | 0,0358981     | 0,0487662     | -57,6 
 439 | 1000000      | 0,0825515       | 0,0355765     | 0,0469750     | -56,9 
 440 | 1000000      | 0,0821148       | 0,0353729     | 0,0467419     | -56,9 
 441 | 1000000      | 0,0819717       | 0,0363233     | 0,0456484     | -55,7 
 442 | 1000000      | 0,0861956       | 0,0419167     | 0,0442789     | -51,4 
 443 | 1000000      | 0,0867549       | 0,0418781     | 0,0448768     | -51,7 
 444 | 1000000      | 0,0845792       | 0,0356632     | 0,0489160     | -57,8 
 445 | 1000000      | 0,0833937       | 0,0353412     | 0,0480525     | -57,6 
 446 | 1000000      | 0,0838955       | 0,0359570     | 0,0479385     | -57,1 
 447 | 1000000      | 0,0829976       | 0,0351195     | 0,0478781     | -57,7 
 448 | 1000000      | 0,0839980       | 0,0368974     | 0,0471006     | -56,1 
 449 | 1000000      | 0,0821342       | 0,0358205     | 0,0463137     | -56,4 
 450 | 1000000      | 0,0836795       | 0,0365456     | 0,0471339     | -56,3 
 451 | 1000000      | 0,0840763       | 0,0354862     | 0,0485901     | -57,8 
 452 | 1000000      | 0,0832793       | 0,0357530     | 0,0475263     | -57,1 
 453 | 1000000      | 0,0821031       | 0,0356080     | 0,0464951     | -56,6 
 454 | 1000000      | 0,0821191       | 0,0355566     | 0,0465625     | -56,7 
 455 | 1000000      | 0,0840561       | 0,0361394     | 0,0479167     | -57,0 
 456 | 1000000      | 0,0830382       | 0,0349820     | 0,0480562     | -57,9 
 457 | 1000000      | 0,0839907       | 0,0342874     | 0,0497033     | -59,2 
 458 | 1000000      | 0,0824009       | 0,0345784     | 0,0478225     | -58,0 
 459 | 1000000      | 0,0838816       | 0,0364319     | 0,0474497     | -56,6 
 460 | 1000000      | 0,0833358       | 0,0355625     | 0,0477733     | -57,3 
 461 | 1000000      | 0,0826842       | 0,0356888     | 0,0469954     | -56,8 
 462 | 1000000      | 0,0823260       | 0,0341298     | 0,0481962     | -58,5 
 463 | 1000000      | 0,0821049       | 0,0358145     | 0,0462904     | -56,4 
 464 | 1000000      | 0,0827323       | 0,0370089     | 0,0457234     | -55,3 
 465 | 1000000      | 0,0826286       | 0,0355333     | 0,0470953     | -57,0 
 466 | 1000000      | 0,0819528       | 0,0359471     | 0,0460057     | -56,1 
 467 | 1000000      | 0,0840481       | 0,0364836     | 0,0475645     | -56,6 
 468 | 1000000      | 0,0834615       | 0,0349747     | 0,0484868     | -58,1 
 469 | 1000000      | 0,0837338       | 0,0347470     | 0,0489868     | -58,5 
 470 | 1000000      | 0,0837261       | 0,0358147     | 0,0479114     | -57,2 
 471 | 1000000      | 0,0820407       | 0,0366598     | 0,0453809     | -55,3 
 472 | 1000000      | 0,0823070       | 0,0355921     | 0,0467149     | -56,8 
 473 | 1000000      | 0,0840381       | 0,0354531     | 0,0485850     | -57,8 
 474 | 1000000      | 0,0820973       | 0,0350491     | 0,0470482     | -57,3 
 475 | 1000000      | 0,0833315       | 0,0353839     | 0,0479476     | -57,5 
 476 | 1000000      | 0,0823300       | 0,0367677     | 0,0455623     | -55,3 
 477 | 1000000      | 0,0847595       | 0,0354508     | 0,0493087     | -58,2 
 478 | 1000000      | 0,0824198       | 0,0353904     | 0,0470294     | -57,1 
 479 | 1000000      | 0,0838818       | 0,0346367     | 0,0492451     | -58,7 
 480 | 1000000      | 0,0823577       | 0,0355155     | 0,0468422     | -56,9 
 481 | 1000000      | 0,0844646       | 0,0356472     | 0,0488174     | -57,8 
 482 | 1000000      | 0,0823680       | 0,0361684     | 0,0461996     | -56,1 
 483 | 1000000      | 0,0826952       | 0,0363885     | 0,0463067     | -56,0 
 484 | 1000000      | 0,0838230       | 0,0365531     | 0,0472699     | -56,4 
 485 | 1000000      | 0,0833739       | 0,0349929     | 0,0483810     | -58,0 
 486 | 1000000      | 0,0836852       | 0,0365448     | 0,0471404     | -56,3 
 487 | 1000000      | 0,0822264       | 0,0353909     | 0,0468355     | -57,0 
 488 | 1000000      | 0,0828533       | 0,0356491     | 0,0472042     | -57,0 
 489 | 1000000      | 0,0843014       | 0,0356262     | 0,0486752     | -57,7 
 490 | 1000000      | 0,0836535       | 0,0360410     | 0,0476125     | -56,9 
 491 | 1000000      | 0,0819945       | 0,0365890     | 0,0454055     | -55,4 
 492 | 1000000      | 0,0825126       | 0,0357332     | 0,0467794     | -56,7 
 493 | 1000000      | 0,0821102       | 0,0358735     | 0,0462367     | -56,3 
 494 | 1000000      | 0,0820142       | 0,0353040     | 0,0467102     | -57,0 
 495 | 1000000      | 0,0841779       | 0,0360836     | 0,0480943     | -57,1 
 496 | 1000000      | 0,0837716       | 0,0352244     | 0,0485472     | -58,0 
 497 | 1000000      | 0,0819689       | 0,0348416     | 0,0471273     | -57,5 
 498 | 1000000      | 0,0824341       | 0,0342106     | 0,0482235     | -58,5 
 499 | 1000000      | 0,0827112       | 0,0367091     | 0,0460021     | -55,6 
 500 | 1000000      | 0,1081370       | 0,0488782     | 0,0592588     | -54,8 
 501 | 10000000     | 1,1602486       | 0,5339293     | 0,6263193     | -54,0 
 502 | 10000000     | 1,1521317       | 0,5203697     | 0,6317620     | -54,8 
 503 | 10000000     | 0,8828111       | 0,4252870     | 0,4575241     | -51,8 
 504 | 10000000     | 0,8646481       | 0,3731828     | 0,4914653     | -56,8 
 505 | 10000000     | 0,8434565       | 0,3881972     | 0,4552593     | -54,0 
 506 | 10000000     | 0,8413278       | 0,3837158     | 0,4576120     | -54,4 
 507 | 10000000     | 0,8447467       | 0,4070185     | 0,4377282     | -51,8 
 508 | 10000000     | 1,1664670       | 0,5229682     | 0,6434988     | -55,2 
 509 | 10000000     | 1,1428160       | 0,5389091     | 0,6039069     | -52,8 
 510 | 10000000     | 0,8694824       | 0,4214597     | 0,4480227     | -51,5 
 511 | 10000000     | 0,8643882       | 0,3905839     | 0,4738043     | -54,8 
 512 | 10000000     | 0,8447936       | 0,3805766     | 0,4642170     | -55,0 
 513 | 10000000     | 0,8426350       | 0,3818288     | 0,4608062     | -54,7 
 514 | 10000000     | 1,1944771       | 0,5219032     | 0,6725739     | -56,3 
 515 | 10000000     | 1,1464196       | 0,5183632     | 0,6280564     | -54,8 
 516 | 10000000     | 0,8924825       | 0,4349292     | 0,4575533     | -51,3 
 517 | 10000000     | 0,8661636       | 0,4230261     | 0,4431375     | -51,2 
 518 | 10000000     | 0,8422255       | 0,3864093     | 0,4558162     | -54,1 
 519 | 10000000     | 0,8474296       | 0,3806478     | 0,4667818     | -55,1 
 520 | 10000000     | 0,8416955       | 0,4204843     | 0,4212112     | -50,0 
 521 | 10000000     | 1,1654648       | 0,5234851     | 0,6419797     | -55,1 
 522 | 10000000     | 1,1458338       | 0,5306379     | 0,6151959     | -53,7 
 523 | 10000000     | 0,8669316       | 0,4268640     | 0,4400676     | -50,8 
 524 | 10000000     | 0,8667211       | 0,3835415     | 0,4831796     | -55,7 
 525 | 10000000     | 0,8407470       | 0,3662048     | 0,4745422     | -56,4 
 526 | 10000000     | 0,8430909       | 0,3877697     | 0,4553212     | -54,0 
 527 | 10000000     | 0,8802133       | 0,5264133     | 0,3538000     | -40,2 
 528 | 10000000     | 1,1816920       | 0,5375691     | 0,6441229     | -54,5 
 529 | 10000000     | 1,1531565       | 0,4273180     | 0,7258385     | -62,9 
 530 | 10000000     | 0,8671896       | 0,4352121     | 0,4319775     | -49,8 
 531 | 10000000     | 0,8478836       | 0,3878691     | 0,4600145     | -54,3 
 532 | 10000000     | 0,8454015       | 0,3838236     | 0,4615779     | -54,6 
 533 | 10000000     | 0,8454128       | 0,4151028     | 0,4303100     | -50,9 
 534 | 10000000     | 1,1611349       | 0,5300419     | 0,6310930     | -54,4 
 535 | 10000000     | 1,1688957       | 0,5142558     | 0,6546399     | -56,0 
 536 | 10000000     | 0,8767826       | 0,4276436     | 0,4491390     | -51,2 
 537 | 10000000     | 0,8774646       | 0,3757358     | 0,5017288     | -57,2 
 538 | 10000000     | 0,8405995       | 0,3736077     | 0,4669918     | -55,6 
 539 | 10000000     | 0,8446840       | 0,3734153     | 0,4712687     | -55,8 
 540 | 10000000     | 0,8845648       | 0,5213894     | 0,3631754     | -41,1 
 541 | 10000000     | 1,1567462       | 0,5308352     | 0,6259110     | -54,1 
 542 | 10000000     | 1,1493790       | 0,4407197     | 0,7086593     | -61,7 
 543 | 10000000     | 0,8692932       | 0,4317308     | 0,4375624     | -50,3 
 544 | 10000000     | 0,8512925       | 0,3894242     | 0,4618683     | -54,3 
 545 | 10000000     | 0,8484671       | 0,3643402     | 0,4841269     | -57,1 
 546 | 10000000     | 0,8483051       | 0,4138564     | 0,4344487     | -51,2 
 547 | 10000000     | 1,1648118       | 0,5127885     | 0,6520233     | -56,0 
 548 | 10000000     | 1,1481372       | 0,5373425     | 0,6107947     | -53,2 
 549 | 10000000     | 0,8723329       | 0,4334731     | 0,4388598     | -50,3 
 550 | 10000000     | 0,8658086       | 0,3864022     | 0,4794064     | -55,4 
 551 | 10000000     | 0,8458950       | 0,3758134     | 0,4700816     | -55,6 
 552 | 10000000     | 0,8447538       | 0,3778961     | 0,4668577     | -55,3 
 553 | 10000000     | 0,8441683       | 0,5267854     | 0,3173829     | -37,6 
 554 | 10000000     | 1,1586096       | 0,5434893     | 0,6151203     | -53,1 
 555 | 10000000     | 1,1532948       | 0,4328358     | 0,7204590     | -62,5 
 556 | 10000000     | 0,8706623       | 0,4370157     | 0,4336466     | -49,8 
 557 | 10000000     | 0,8506106       | 0,3647240     | 0,4858866     | -57,1 
 558 | 10000000     | 0,8447893       | 0,3782696     | 0,4665197     | -55,2 
 559 | 10000000     | 0,8476566       | 0,4224276     | 0,4252290     | -50,2 
 560 | 10000000     | 1,1630821       | 0,5142165     | 0,6488656     | -55,8 
 561 | 10000000     | 1,1548336       | 0,5368145     | 0,6180191     | -53,5 
 562 | 10000000     | 0,8659979       | 0,4246844     | 0,4413135     | -51,0 
 563 | 10000000     | 0,8698845       | 0,3846960     | 0,4851885     | -55,8 
 564 | 10000000     | 0,8440279       | 0,3761263     | 0,4679016     | -55,4 
 565 | 10000000     | 0,8480096       | 0,3793610     | 0,4686486     | -55,3 
 566 | 10000000     | 0,8767829       | 0,5401409     | 0,3366420     | -38,4 
 567 | 10000000     | 1,1512709       | 0,5164738     | 0,6347971     | -55,1 
 568 | 10000000     | 1,1500641       | 0,4360636     | 0,7140005     | -62,1 
 569 | 10000000     | 0,8749214       | 0,4339244     | 0,4409970     | -50,4 
 570 | 10000000     | 0,8484719       | 0,3734612     | 0,4750107     | -56,0 
 571 | 10000000     | 0,8489941       | 0,3831711     | 0,4658230     | -54,9 
 572 | 10000000     | 0,8439006       | 0,4214104     | 0,4224902     | -50,1 
 573 | 10000000     | 1,1670092       | 0,5341723     | 0,6328369     | -54,2 
 574 | 10000000     | 1,1498220       | 0,5233491     | 0,6264729     | -54,5 
 575 | 10000000     | 0,8755757       | 0,4304884     | 0,4450873     | -50,8 
 576 | 10000000     | 0,8647151       | 0,3830306     | 0,4816845     | -55,7 
 577 | 10000000     | 0,8433070       | 0,3860566     | 0,4572504     | -54,2 
 578 | 10000000     | 0,8423596       | 0,3875472     | 0,4548124     | -54,0 
 579 | 10000000     | 1,1877374       | 0,5315914     | 0,6561460     | -55,2 
 580 | 10000000     | 1,1480164       | 0,5272912     | 0,6207252     | -54,1 
 581 | 10000000     | 0,8654256       | 0,4319195     | 0,4335061     | -50,1 
 582 | 10000000     | 0,8740004       | 0,3830167     | 0,4909837     | -56,2 
 583 | 10000000     | 0,8441378       | 0,3770203     | 0,4671175     | -55,3 
 584 | 10000000     | 0,8446257       | 0,3879973     | 0,4566284     | -54,1 
 585 | 10000000     | 0,8438773       | 0,5502866     | 0,2935907     | -34,8 
 586 | 10000000     | 1,1584604       | 0,5221144     | 0,6363460     | -54,9 
 587 | 10000000     | 1,1588341       | 0,4332618     | 0,7255723     | -62,6 
 588 | 10000000     | 0,8664405       | 0,4271350     | 0,4393055     | -50,7 
 589 | 10000000     | 0,8485807       | 0,3748874     | 0,4736933     | -55,8 
 590 | 10000000     | 0,8466181       | 0,3830167     | 0,4636014     | -54,8 
 591 | 10000000     | 0,8424611       | 0,4083775     | 0,4340836     | -51,5 
 592 | 10000000     | 1,1629793       | 0,5282098     | 0,6347695     | -54,6 
 593 | 10000000     | 1,1491291       | 0,5373033     | 0,6118258     | -53,2 
 594 | 10000000     | 0,8750329       | 0,4368200     | 0,4382129     | -50,1 
 595 | 10000000     | 0,8688798       | 0,3689846     | 0,4998952     | -57,5 
 596 | 10000000     | 0,8437564       | 0,3674336     | 0,4763228     | -56,5 
 597 | 10000000     | 0,8464851       | 0,3767241     | 0,4697610     | -55,5 
 598 | 10000000     | 0,8652797       | 0,5158559     | 0,3494238     | -40,4 
 599 | 10000000     | 1,1655776       | 0,5392846     | 0,6262930     | -53,7 
 600 | 10000000     | 1,1534927       | 0,4216514     | 0,7318413     | -63,4 

Для выборки размером: 100
	- всего тестов: 100
	- успешных случаев: 0
	- % успешных тестов: 0,0%
Для выборки размером: 1000
	- всего тестов: 100
	- успешных случаев: 0
	- % успешных тестов: 0,0%
Для выборки размером: 10000
	- всего тестов: 100
	- успешных случаев: 54
	- % успешных тестов: 54,0%
	- среднее время последовательного теста: 0,0007663
	- среднее время параллельного теста: 0,0007741
	- рост производительности для успешных случаев в среднем на: 5,7%
Для выборки размером: 100000
	- всего тестов: 100
	- успешных случаев: 99
	- % успешных тестов: 99,0%
	- среднее время последовательного теста: 0,0073983
	- среднее время параллельного теста: 0,0044919
	- рост производительности для успешных случаев в среднем на: 59,1%
Для выборки размером: 1000000
	- всего тестов: 100
	- успешных случаев: 100
	- % успешных тестов: 100,0%
	- среднее время последовательного теста: 0,0833084
	- среднее время параллельного теста: 0,0359845
	- рост производительности для успешных случаев в среднем на: 56,8%
Для выборки размером: 10000000
	- всего тестов: 100
	- успешных случаев: 100
	- % успешных тестов: 100,0%
	- среднее время последовательного теста: 0,9533258
	- среднее время параллельного теста: 0,4409723
	- рост производительности для успешных случаев в среднем на: 53,5%

