100 тестов каждого вида выборок, выборки генерируются заново в цикле
 №   | выборка, чел | последовательно | параллельно   | разность, сек | %
------------------------------------------------------------------------------
 1   | 100          | 0,0100048       | 0,0115396     | -0,0015348    | 15,3 
 2   | 100          | 0,0004562       | 0,0025683     | -0,0021121    | 463,0 
 3   | 100          | 0,0002879       | 0,0011280     | -0,0008401    | 291,8 
 4   | 100          | 0,0003984       | 0,0017757     | -0,0013773    | 345,7 
 5   | 100          | 0,0001390       | 0,0012956     | -0,0011566    | 832,1 
 6   | 100          | 0,0001386       | 0,0018694     | -0,0017308    | 1248,8 
 7   | 100          | 0,0001429       | 0,0010034     | -0,0008605    | 602,2 
 8   | 100          | 0,0002880       | 0,0009737     | -0,0006857    | 238,1 
 9   | 100          | 0,0000922       | 0,0010707     | -0,0009785    | 1061,3 
 10  | 100          | 0,0001595       | 0,0007874     | -0,0006279    | 393,7 
 11  | 100          | 0,0000845       | 0,0010940     | -0,0010095    | 1194,7 
 12  | 100          | 0,0000741       | 0,0006831     | -0,0006090    | 821,9 
 13  | 100          | 0,0000617       | 0,0004890     | -0,0004273    | 692,5 
 14  | 100          | 0,0000610       | 0,0003477     | -0,0002867    | 470,0 
 15  | 100          | 0,0000777       | 0,0004743     | -0,0003966    | 510,4 
 16  | 100          | 0,0000722       | 0,0003490     | -0,0002768    | 383,4 
 17  | 100          | 0,0000646       | 0,0003431     | -0,0002785    | 431,1 
 18  | 100          | 0,0000671       | 0,0003274     | -0,0002603    | 387,9 
 19  | 100          | 0,0001846       | 0,0004651     | -0,0002805    | 152,0 
 20  | 100          | 0,0000896       | 0,0003856     | -0,0002960    | 330,4 
 21  | 100          | 0,0000657       | 0,0007812     | -0,0007155    | 1089,0 
 22  | 100          | 0,0000691       | 0,0005899     | -0,0005208    | 753,7 
 23  | 100          | 0,0000602       | 0,0004934     | -0,0004332    | 719,6 
 24  | 100          | 0,0000707       | 0,0009852     | -0,0009145    | 1293,5 
 25  | 100          | 0,0000863       | 0,0009479     | -0,0008616    | 998,4 
 26  | 100          | 0,0000684       | 0,0007036     | -0,0006352    | 928,7 
 27  | 100          | 0,0000723       | 0,0002801     | -0,0002078    | 287,4 
 28  | 100          | 0,0000736       | 0,0003999     | -0,0003263    | 443,3 
 29  | 100          | 0,0000616       | 0,0005128     | -0,0004512    | 732,5 
 30  | 100          | 0,0000706       | 0,0005412     | -0,0004706    | 666,6 
 31  | 100          | 0,0000874       | 0,0005492     | -0,0004618    | 528,4 
 32  | 100          | 0,0000875       | 0,0005067     | -0,0004192    | 479,1 
 33  | 100          | 0,0000588       | 0,0005480     | -0,0004892    | 832,0 
 34  | 100          | 0,0000912       | 0,0007964     | -0,0007052    | 773,2 
 35  | 100          | 0,0000669       | 0,0003044     | -0,0002375    | 355,0 
 36  | 100          | 0,0000748       | 0,0005786     | -0,0005038    | 673,5 
 37  | 100          | 0,0000998       | 0,0005015     | -0,0004017    | 402,5 
 38  | 100          | 0,0001047       | 0,0002857     | -0,0001810    | 172,9 
 39  | 100          | 0,0000509       | 0,0002290     | -0,0001781    | 349,9 
 40  | 100          | 0,0000585       | 0,0004617     | -0,0004032    | 689,2 
 41  | 100          | 0,0000724       | 0,0004735     | -0,0004011    | 554,0 
 42  | 100          | 0,0000749       | 0,0002887     | -0,0002138    | 285,4 
 43  | 100          | 0,0000651       | 0,0007972     | -0,0007321    | 1124,6 
 44  | 100          | 0,0000667       | 0,0004552     | -0,0003885    | 582,5 
 45  | 100          | 0,0000627       | 0,0003935     | -0,0003308    | 527,6 
 46  | 100          | 0,0000792       | 0,0004190     | -0,0003398    | 429,0 
 47  | 100          | 0,0000738       | 0,0004957     | -0,0004219    | 571,7 
 48  | 100          | 0,0000589       | 0,0004469     | -0,0003880    | 658,7 
 49  | 100          | 0,0000710       | 0,0005037     | -0,0004327    | 609,4 
 50  | 100          | 0,0000653       | 0,0004000     | -0,0003347    | 512,6 
 51  | 100          | 0,0000636       | 0,0004046     | -0,0003410    | 536,2 
 52  | 100          | 0,0000522       | 0,0006511     | -0,0005989    | 1147,3 
 53  | 100          | 0,0000586       | 0,0003835     | -0,0003249    | 554,4 
 54  | 100          | 0,0000591       | 0,0003211     | -0,0002620    | 443,3 
 55  | 100          | 0,0000634       | 0,0003752     | -0,0003118    | 491,8 
 56  | 100          | 0,0000632       | 0,0005253     | -0,0004621    | 731,2 
 57  | 100          | 0,0000566       | 0,0006359     | -0,0005793    | 1023,5 
 58  | 100          | 0,0000581       | 0,0005679     | -0,0005098    | 877,5 
 59  | 100          | 0,0000512       | 0,0003612     | -0,0003100    | 605,5 
 60  | 100          | 0,0000482       | 0,0003638     | -0,0003156    | 654,8 
 61  | 100          | 0,0000490       | 0,0003854     | -0,0003364    | 686,5 
 62  | 100          | 0,0000491       | 0,0003655     | -0,0003164    | 644,4 
 63  | 100          | 0,0000777       | 0,0003732     | -0,0002955    | 380,3 
 64  | 100          | 0,0000611       | 0,0002990     | -0,0002379    | 389,4 
 65  | 100          | 0,0000403       | 0,0003850     | -0,0003447    | 855,3 
 66  | 100          | 0,0000505       | 0,0003607     | -0,0003102    | 614,2 
 67  | 100          | 0,0000526       | 0,0001893     | -0,0001367    | 259,9 
 68  | 100          | 0,0000411       | 0,0004152     | -0,0003741    | 910,2 
 69  | 100          | 0,0000471       | 0,0003830     | -0,0003359    | 713,1 
 70  | 100          | 0,0000546       | 0,0003958     | -0,0003412    | 624,9 
 71  | 100          | 0,0000458       | 0,0002153     | -0,0001695    | 370,1 
 72  | 100          | 0,0000462       | 0,0003294     | -0,0002832    | 613,0 
 73  | 100          | 0,0000583       | 0,0001987     | -0,0001404    | 240,8 
 74  | 100          | 0,0000477       | 0,0003884     | -0,0003407    | 714,3 
 75  | 100          | 0,0000464       | 0,0003736     | -0,0003272    | 705,2 
 76  | 100          | 0,0000667       | 0,0002912     | -0,0002245    | 336,6 
 77  | 100          | 0,0000760       | 0,0002732     | -0,0001972    | 259,5 
 78  | 100          | 0,0000946       | 0,0003872     | -0,0002926    | 309,3 
 79  | 100          | 0,0000437       | 0,0003089     | -0,0002652    | 606,9 
 80  | 100          | 0,0000522       | 0,0003945     | -0,0003423    | 655,7 
 81  | 100          | 0,0000533       | 0,0002899     | -0,0002366    | 443,9 
 82  | 100          | 0,0000481       | 0,0001651     | -0,0001170    | 243,2 
 83  | 100          | 0,0000457       | 0,0001524     | -0,0001067    | 233,5 
 84  | 100          | 0,0000458       | 0,0003393     | -0,0002935    | 640,8 
 85  | 100          | 0,0000470       | 0,0001828     | -0,0001358    | 288,9 
 86  | 100          | 0,0000525       | 0,0003673     | -0,0003148    | 599,6 
 87  | 100          | 0,0000387       | 0,0005175     | -0,0004788    | 1237,2 
 88  | 100          | 0,0000556       | 0,0004468     | -0,0003912    | 703,6 
 89  | 100          | 0,0000406       | 0,0003281     | -0,0002875    | 708,1 
 90  | 100          | 0,0000380       | 0,0003617     | -0,0003237    | 851,8 
 91  | 100          | 0,0000594       | 0,0003429     | -0,0002835    | 477,3 
 92  | 100          | 0,0000422       | 0,0003524     | -0,0003102    | 735,1 
 93  | 100          | 0,0000507       | 0,0001975     | -0,0001468    | 289,5 
 94  | 100          | 0,0000541       | 0,0001521     | -0,0000980    | 181,1 
 95  | 100          | 0,0000517       | 0,0001482     | -0,0000965    | 186,7 
 96  | 100          | 0,0000446       | 0,0001494     | -0,0001048    | 235,0 
 97  | 100          | 0,0000368       | 0,0001561     | -0,0001193    | 324,2 
 98  | 100          | 0,0000424       | 0,0001365     | -0,0000941    | 221,9 
 99  | 100          | 0,0000394       | 0,0001549     | -0,0001155    | 293,1 
 100 | 100          | 0,0000350       | 0,0001489     | -0,0001139    | 325,4 
 101 | 1000         | 0,0002574       | 0,0008203     | -0,0005629    | 218,7 
 102 | 1000         | 0,0002599       | 0,0006754     | -0,0004155    | 159,9 
 103 | 1000         | 0,0002437       | 0,0014314     | -0,0011877    | 487,4 
 104 | 1000         | 0,0002936       | 0,0003831     | -0,0000895    | 30,5 
 105 | 1000         | 0,0002698       | 0,0003404     | -0,0000706    | 26,2 
 106 | 1000         | 0,0002573       | 0,0005338     | -0,0002765    | 107,5 
 107 | 1000         | 0,0002597       | 0,0003405     | -0,0000808    | 31,1 
 108 | 1000         | 0,0002963       | 0,0004958     | -0,0001995    | 67,3 
 109 | 1000         | 0,0001991       | 0,0010948     | -0,0008957    | 449,9 
 110 | 1000         | 0,0002073       | 0,0004257     | -0,0002184    | 105,4 
 111 | 1000         | 0,0001993       | 0,0004728     | -0,0002735    | 137,2 
 112 | 1000         | 0,0002161       | 0,0003213     | -0,0001052    | 48,7 
 113 | 1000         | 0,0002117       | 0,0003146     | -0,0001029    | 48,6 
 114 | 1000         | 0,0002404       | 0,0004522     | -0,0002118    | 88,1 
 115 | 1000         | 0,0002559       | 0,0004819     | -0,0002260    | 88,3 
 116 | 1000         | 0,0002416       | 0,0037737     | -0,0035321    | 1462,0 
 117 | 1000         | 0,0004038       | 0,0007276     | -0,0003238    | 80,2 
 118 | 1000         | 0,0003458       | 0,0017508     | -0,0014050    | 406,3 
 119 | 1000         | 0,0017713       | 0,0041877     | -0,0024164    | 136,4 
 120 | 1000         | 0,0001820       | 0,0004554     | -0,0002734    | 150,2 
 121 | 1000         | 0,0001943       | 0,0003187     | -0,0001244    | 64,0 
 122 | 1000         | 0,0001637       | 0,0001891     | -0,0000254    | 15,5 
 123 | 1000         | 0,0003312       | 0,0002516     | 0,0000796     | -24,0 
 124 | 1000         | 0,0001872       | 0,0002736     | -0,0000864    | 46,2 
 125 | 1000         | 0,0001665       | 0,0007864     | -0,0006199    | 372,3 
 126 | 1000         | 0,0006708       | 0,0002280     | 0,0004428     | -66,0 
 127 | 1000         | 0,0001597       | 0,0001910     | -0,0000313    | 19,6 
 128 | 1000         | 0,0009423       | 0,0087242     | -0,0077819    | 825,8 
 129 | 1000         | 0,0002235       | 0,0002993     | -0,0000758    | 33,9 
 130 | 1000         | 0,0004677       | 0,0002616     | 0,0002061     | -44,1 
 131 | 1000         | 0,0001447       | 0,0002589     | -0,0001142    | 78,9 
 132 | 1000         | 0,0001389       | 0,0002081     | -0,0000692    | 49,8 
 133 | 1000         | 0,0001532       | 0,0002153     | -0,0000621    | 40,5 
 134 | 1000         | 0,0001526       | 0,0003661     | -0,0002135    | 139,9 
 135 | 1000         | 0,0001481       | 0,0021654     | -0,0020173    | 1362,1 
 136 | 1000         | 0,0002004       | 0,0012045     | -0,0010041    | 501,1 
 137 | 1000         | 0,0001663       | 0,0008327     | -0,0006664    | 400,7 
 138 | 1000         | 0,0001620       | 0,0009436     | -0,0007816    | 482,5 
 139 | 1000         | 0,0001949       | 0,0022802     | -0,0020853    | 1069,9 
 140 | 1000         | 0,0001963       | 0,0008050     | -0,0006087    | 310,1 
 141 | 1000         | 0,0001781       | 0,0013378     | -0,0011597    | 651,2 
 142 | 1000         | 0,0002110       | 0,0016765     | -0,0014655    | 694,6 
 143 | 1000         | 0,0001869       | 0,0007496     | -0,0005627    | 301,1 
 144 | 1000         | 0,0005008       | 0,0007087     | -0,0002079    | 41,5 
 145 | 1000         | 0,0002181       | 0,0006106     | -0,0003925    | 180,0 
 146 | 1000         | 0,0002066       | 0,0011195     | -0,0009129    | 441,9 
 147 | 1000         | 0,0002454       | 0,0015637     | -0,0013183    | 537,2 
 148 | 1000         | 0,0003268       | 0,0004984     | -0,0001716    | 52,5 
 149 | 1000         | 0,0001488       | 0,0004068     | -0,0002580    | 173,4 
 150 | 1000         | 0,0001510       | 0,0003420     | -0,0001910    | 126,5 
 151 | 1000         | 0,0001403       | 0,0003208     | -0,0001805    | 128,7 
 152 | 1000         | 0,0001305       | 0,0002661     | -0,0001356    | 103,9 
 153 | 1000         | 0,0001420       | 0,0003693     | -0,0002273    | 160,1 
 154 | 1000         | 0,0001483       | 0,0003547     | -0,0002064    | 139,2 
 155 | 1000         | 0,0001574       | 0,0004003     | -0,0002429    | 154,3 
 156 | 1000         | 0,0001591       | 0,0002811     | -0,0001220    | 76,7 
 157 | 1000         | 0,0002167       | 0,0001998     | 0,0000169     | -7,8 
 158 | 1000         | 0,0001464       | 0,0003864     | -0,0002400    | 163,9 
 159 | 1000         | 0,0001438       | 0,0003199     | -0,0001761    | 122,5 
 160 | 1000         | 0,0002777       | 0,0002419     | 0,0000358     | -12,9 
 161 | 1000         | 0,0001641       | 0,0002465     | -0,0000824    | 50,2 
 162 | 1000         | 0,0001620       | 0,0002102     | -0,0000482    | 29,8 
 163 | 1000         | 0,0001750       | 0,0002301     | -0,0000551    | 31,5 
 164 | 1000         | 0,0001678       | 0,0002338     | -0,0000660    | 39,3 
 165 | 1000         | 0,0001689       | 0,0005879     | -0,0004190    | 248,1 
 166 | 1000         | 0,0001828       | 0,0003792     | -0,0001964    | 107,4 
 167 | 1000         | 0,0001683       | 0,0004135     | -0,0002452    | 145,7 
 168 | 1000         | 0,0001661       | 0,0002464     | -0,0000803    | 48,3 
 169 | 1000         | 0,0001517       | 0,0002101     | -0,0000584    | 38,5 
 170 | 1000         | 0,0001412       | 0,0001897     | -0,0000485    | 34,3 
 171 | 1000         | 0,0001402       | 0,0003373     | -0,0001971    | 140,6 
 172 | 1000         | 0,0001298       | 0,0003202     | -0,0001904    | 146,7 
 173 | 1000         | 0,0001312       | 0,0001800     | -0,0000488    | 37,2 
 174 | 1000         | 0,0001316       | 0,0001573     | -0,0000257    | 19,5 
 175 | 1000         | 0,0001497       | 0,0001793     | -0,0000296    | 19,8 
 176 | 1000         | 0,0001356       | 0,0002269     | -0,0000913    | 67,3 
 177 | 1000         | 0,0001370       | 0,0005431     | -0,0004061    | 296,4 
 178 | 1000         | 0,0001486       | 0,0186872     | -0,0185386    | 12475,5 
 179 | 1000         | 0,0001538       | 0,0011052     | -0,0009514    | 618,6 
 180 | 1000         | 0,0001394       | 0,0010957     | -0,0009563    | 686,0 
 181 | 1000         | 0,0001457       | 0,0005194     | -0,0003737    | 256,5 
 182 | 1000         | 0,0001492       | 0,0003593     | -0,0002101    | 140,8 
 183 | 1000         | 0,0001601       | 0,0003268     | -0,0001667    | 104,1 
 184 | 1000         | 0,0001390       | 0,0003309     | -0,0001919    | 138,1 
 185 | 1000         | 0,0001323       | 0,0001883     | -0,0000560    | 42,3 
 186 | 1000         | 0,0001551       | 0,0003260     | -0,0001709    | 110,2 
 187 | 1000         | 0,0001428       | 0,0003359     | -0,0001931    | 135,2 
 188 | 1000         | 0,0001365       | 0,0001845     | -0,0000480    | 35,2 
 189 | 1000         | 0,0001280       | 0,0001572     | -0,0000292    | 22,8 
 190 | 1000         | 0,0001387       | 0,0001584     | -0,0000197    | 14,2 
 191 | 1000         | 0,0001198       | 0,0001466     | -0,0000268    | 22,4 
 192 | 1000         | 0,0002910       | 0,0001590     | 0,0001320     | -45,4 
 193 | 1000         | 0,0001483       | 0,0001733     | -0,0000250    | 16,9 
 194 | 1000         | 0,0001450       | 0,0001937     | -0,0000487    | 33,6 
 195 | 1000         | 0,0001628       | 0,0002128     | -0,0000500    | 30,7 
 196 | 1000         | 0,0001381       | 0,0001615     | -0,0000234    | 16,9 
 197 | 1000         | 0,0001312       | 0,0002579     | -0,0001267    | 96,6 
 198 | 1000         | 0,0001346       | 0,0001569     | -0,0000223    | 16,6 
 199 | 1000         | 0,0001477       | 0,0002205     | -0,0000728    | 49,3 
 200 | 1000         | 0,0001769       | 0,0003854     | -0,0002085    | 117,9 
 201 | 10000        | 0,0014216       | 0,0014582     | -0,0000366    |  2,6 
 202 | 10000        | 0,0015361       | 0,0041163     | -0,0025802    | 168,0 
 203 | 10000        | 0,0016061       | 0,0163480     | -0,0147419    | 917,9 
 204 | 10000        | 0,0015974       | 0,0014041     | 0,0001933     | -12,1 
 205 | 10000        | 0,0014734       | 0,0012147     | 0,0002587     | -17,6 
 206 | 10000        | 0,0013522       | 0,0013606     | -0,0000084    |  0,6 
 207 | 10000        | 0,0014709       | 0,0014432     | 0,0000277     | -1,9 
 208 | 10000        | 0,0420002       | 0,0117777     | 0,0302225     | -72,0 
 209 | 10000        | 0,0018174       | 0,0019182     | -0,0001008    |  5,5 
 210 | 10000        | 0,0017236       | 0,0017215     | 0,0000021     | -0,1 
 211 | 10000        | 0,0016904       | 0,0013930     | 0,0002974     | -17,6 
 212 | 10000        | 0,0016122       | 0,0034548     | -0,0018426    | 114,3 
 213 | 10000        | 0,0017538       | 0,0019387     | -0,0001849    | 10,5 
 214 | 10000        | 0,0031177       | 0,0022429     | 0,0008748     | -28,1 
 215 | 10000        | 0,0015698       | 0,0019463     | -0,0003765    | 24,0 
 216 | 10000        | 0,0016733       | 0,0075069     | -0,0058336    | 348,6 
 217 | 10000        | 0,0035117       | 0,0027198     | 0,0007919     | -22,6 
 218 | 10000        | 0,0016749       | 0,0023047     | -0,0006298    | 37,6 
 219 | 10000        | 0,0022992       | 0,0024355     | -0,0001363    |  5,9 
 220 | 10000        | 0,0041581       | 0,0051207     | -0,0009626    | 23,1 
 221 | 10000        | 0,0035839       | 0,0075858     | -0,0040019    | 111,7 
 222 | 10000        | 0,0016808       | 0,0015533     | 0,0001275     | -7,6 
 223 | 10000        | 0,0016103       | 0,0013210     | 0,0002893     | -18,0 
 224 | 10000        | 0,0019893       | 0,0015449     | 0,0004444     | -22,3 
 225 | 10000        | 0,0015259       | 0,0025309     | -0,0010050    | 65,9 
 226 | 10000        | 0,0017545       | 0,0025775     | -0,0008230    | 46,9 
 227 | 10000        | 0,0015495       | 0,0062100     | -0,0046605    | 300,8 
 228 | 10000        | 0,0016604       | 0,0015314     | 0,0001290     | -7,8 
 229 | 10000        | 0,0015080       | 0,0011178     | 0,0003902     | -25,9 
 230 | 10000        | 0,0015100       | 0,0019872     | -0,0004772    | 31,6 
 231 | 10000        | 0,0013648       | 0,0011090     | 0,0002558     | -18,7 
 232 | 10000        | 0,0016452       | 0,0060169     | -0,0043717    | 265,7 
 233 | 10000        | 0,0013741       | 0,0011209     | 0,0002532     | -18,4 
 234 | 10000        | 0,0014943       | 0,0009737     | 0,0005206     | -34,8 
 235 | 10000        | 0,0013933       | 0,0021803     | -0,0007870    | 56,5 
 236 | 10000        | 0,0016907       | 0,0032664     | -0,0015757    | 93,2 
 237 | 10000        | 0,0048957       | 0,0037466     | 0,0011491     | -23,5 
 238 | 10000        | 0,0014081       | 0,0016281     | -0,0002200    | 15,6 
 239 | 10000        | 0,0013460       | 0,0012128     | 0,0001332     | -9,9 
 240 | 10000        | 0,0015698       | 0,0014353     | 0,0001345     | -8,6 
 241 | 10000        | 0,0015106       | 0,0009702     | 0,0005404     | -35,8 
 242 | 10000        | 0,0013367       | 0,0011305     | 0,0002062     | -15,4 
 243 | 10000        | 0,0013717       | 0,0085582     | -0,0071865    | 523,9 
 244 | 10000        | 0,0014405       | 0,0016100     | -0,0001695    | 11,8 
 245 | 10000        | 0,0015333       | 0,0012766     | 0,0002567     | -16,7 
 246 | 10000        | 0,0014154       | 0,0030096     | -0,0015942    | 112,6 
 247 | 10000        | 0,0148228       | 0,0074380     | 0,0073848     | -49,8 
 248 | 10000        | 0,0028832       | 0,0013440     | 0,0015392     | -53,4 
 249 | 10000        | 0,0014147       | 0,0031157     | -0,0017010    | 120,2 
 250 | 10000        | 0,0014287       | 0,0013241     | 0,0001046     | -7,3 
 251 | 10000        | 0,0013161       | 0,0014202     | -0,0001041    |  7,9 
 252 | 10000        | 0,0013373       | 0,0009850     | 0,0003523     | -26,3 
 253 | 10000        | 0,0012402       | 0,0009299     | 0,0003103     | -25,0 
 254 | 10000        | 0,0012248       | 0,0010062     | 0,0002186     | -17,8 
 255 | 10000        | 0,0012948       | 0,0010036     | 0,0002912     | -22,5 
 256 | 10000        | 0,0014767       | 0,0010863     | 0,0003904     | -26,4 
 257 | 10000        | 0,0013693       | 0,0012065     | 0,0001628     | -11,9 
 258 | 10000        | 0,0013798       | 0,0011335     | 0,0002463     | -17,9 
 259 | 10000        | 0,0013475       | 0,0014877     | -0,0001402    | 10,4 
 260 | 10000        | 0,0014500       | 0,0010311     | 0,0004189     | -28,9 
 261 | 10000        | 0,0013709       | 0,0011373     | 0,0002336     | -17,0 
 262 | 10000        | 0,0013324       | 0,0012255     | 0,0001069     | -8,0 
 263 | 10000        | 0,0014542       | 0,0009916     | 0,0004626     | -31,8 
 264 | 10000        | 0,0015927       | 0,0014588     | 0,0001339     | -8,4 
 265 | 10000        | 0,0013438       | 0,0011431     | 0,0002007     | -14,9 
 266 | 10000        | 0,0013316       | 0,0009118     | 0,0004198     | -31,5 
 267 | 10000        | 0,0012513       | 0,0009534     | 0,0002979     | -23,8 
 268 | 10000        | 0,0012867       | 0,0009726     | 0,0003141     | -24,4 
 269 | 10000        | 0,0013090       | 0,0010947     | 0,0002143     | -16,4 
 270 | 10000        | 0,0012906       | 0,0012715     | 0,0000191     | -1,5 
 271 | 10000        | 0,0081958       | 0,0024938     | 0,0057020     | -69,6 
 272 | 10000        | 0,0012744       | 0,0009996     | 0,0002748     | -21,6 
 273 | 10000        | 0,0012358       | 0,0008899     | 0,0003459     | -28,0 
 274 | 10000        | 0,0011861       | 0,0008951     | 0,0002910     | -24,5 
 275 | 10000        | 0,0011965       | 0,0009370     | 0,0002595     | -21,7 
 276 | 10000        | 0,0013547       | 0,0041859     | -0,0028312    | 209,0 
 277 | 10000        | 0,0014216       | 0,0011688     | 0,0002528     | -17,8 
 278 | 10000        | 0,0012565       | 0,0009099     | 0,0003466     | -27,6 
 279 | 10000        | 0,0013082       | 0,0012943     | 0,0000139     | -1,1 
 280 | 10000        | 0,0013841       | 0,0015233     | -0,0001392    | 10,1 
 281 | 10000        | 0,0013232       | 0,0009102     | 0,0004130     | -31,2 
 282 | 10000        | 0,0012597       | 0,0008792     | 0,0003805     | -30,2 
 283 | 10000        | 0,0013102       | 0,0009295     | 0,0003807     | -29,1 
 284 | 10000        | 0,0012740       | 0,0009942     | 0,0002798     | -22,0 
 285 | 10000        | 0,0013335       | 0,0009013     | 0,0004322     | -32,4 
 286 | 10000        | 0,0012686       | 0,0013070     | -0,0000384    |  3,0 
 287 | 10000        | 0,0009005       | 0,0008510     | 0,0000495     | -5,5 
 288 | 10000        | 0,0011491       | 0,0009582     | 0,0001909     | -16,6 
 289 | 10000        | 0,0011720       | 0,0008929     | 0,0002791     | -23,8 
 290 | 10000        | 0,0012222       | 0,0008834     | 0,0003388     | -27,7 
 291 | 10000        | 0,0012036       | 0,0010079     | 0,0001957     | -16,3 
 292 | 10000        | 0,0011211       | 0,0007879     | 0,0003332     | -29,7 
 293 | 10000        | 0,0010868       | 0,0007707     | 0,0003161     | -29,1 
 294 | 10000        | 0,0010654       | 0,0007527     | 0,0003127     | -29,4 
 295 | 10000        | 0,0010855       | 0,0007546     | 0,0003309     | -30,5 
 296 | 10000        | 0,0011701       | 0,0008543     | 0,0003158     | -27,0 
 297 | 10000        | 0,0011266       | 0,0007919     | 0,0003347     | -29,7 
 298 | 10000        | 0,0011150       | 0,0008624     | 0,0002526     | -22,7 
 299 | 10000        | 0,0011664       | 0,0008644     | 0,0003020     | -25,9 
 300 | 10000        | 0,0011251       | 0,0008471     | 0,0002780     | -24,7 
 301 | 100000       | 0,0133198       | 0,0082000     | 0,0051198     | -38,4 
 302 | 100000       | 0,0136614       | 0,0108169     | 0,0028445     | -20,8 
 303 | 100000       | 0,0135575       | 0,0083665     | 0,0051910     | -38,3 
 304 | 100000       | 0,0132358       | 0,0079278     | 0,0053080     | -40,1 
 305 | 100000       | 0,0121916       | 0,0072784     | 0,0049132     | -40,3 
 306 | 100000       | 0,0121242       | 0,0052494     | 0,0068748     | -56,7 
 307 | 100000       | 0,0120101       | 0,0050122     | 0,0069979     | -58,3 
 308 | 100000       | 0,0123189       | 0,0051528     | 0,0071661     | -58,2 
 309 | 100000       | 0,0108094       | 0,0052784     | 0,0055310     | -51,2 
 310 | 100000       | 0,0120252       | 0,0054013     | 0,0066239     | -55,1 
 311 | 100000       | 0,0121441       | 0,0052086     | 0,0069355     | -57,1 
 312 | 100000       | 0,0117369       | 0,0052598     | 0,0064771     | -55,2 
 313 | 100000       | 0,0120696       | 0,0059929     | 0,0060767     | -50,3 
 314 | 100000       | 0,0118989       | 0,0055330     | 0,0063659     | -53,5 
 315 | 100000       | 0,0120287       | 0,0055374     | 0,0064913     | -54,0 
 316 | 100000       | 0,0124306       | 0,0049403     | 0,0074903     | -60,3 
 317 | 100000       | 0,0118021       | 0,0052277     | 0,0065744     | -55,7 
 318 | 100000       | 0,0116544       | 0,0049729     | 0,0066815     | -57,3 
 319 | 100000       | 0,0110098       | 0,0051927     | 0,0058171     | -52,8 
 320 | 100000       | 0,0119455       | 0,0054049     | 0,0065406     | -54,8 
 321 | 100000       | 0,0120541       | 0,0047817     | 0,0072724     | -60,3 
 322 | 100000       | 0,0116737       | 0,0053292     | 0,0063445     | -54,3 
 323 | 100000       | 0,0117467       | 0,0053948     | 0,0063519     | -54,1 
 324 | 100000       | 0,0116902       | 0,0050469     | 0,0066433     | -56,8 
 325 | 100000       | 0,0119748       | 0,0050313     | 0,0069435     | -58,0 
 326 | 100000       | 0,0117062       | 0,0052633     | 0,0064429     | -55,0 
 327 | 100000       | 0,0119147       | 0,0050417     | 0,0068730     | -57,7 
 328 | 100000       | 0,0123248       | 0,0127825     | -0,0004577    |  3,7 
 329 | 100000       | 0,0117949       | 0,0055984     | 0,0061965     | -52,5 
 330 | 100000       | 0,0120736       | 0,0052874     | 0,0067862     | -56,2 
 331 | 100000       | 0,0116540       | 0,0053294     | 0,0063246     | -54,3 
 332 | 100000       | 0,0117862       | 0,0050406     | 0,0067456     | -57,2 
 333 | 100000       | 0,0122511       | 0,0050314     | 0,0072197     | -58,9 
 334 | 100000       | 0,0117849       | 0,0052867     | 0,0064982     | -55,1 
 335 | 100000       | 0,0121155       | 0,0052980     | 0,0068175     | -56,3 
 336 | 100000       | 0,0117804       | 0,0050239     | 0,0067565     | -57,4 
 337 | 100000       | 0,0118036       | 0,0058139     | 0,0059897     | -50,7 
 338 | 100000       | 0,0105053       | 0,0046127     | 0,0058926     | -56,1 
 339 | 100000       | 0,0130923       | 0,0059534     | 0,0071389     | -54,5 
 340 | 100000       | 0,0123389       | 0,0060109     | 0,0063280     | -51,3 
 341 | 100000       | 0,0124251       | 0,0051127     | 0,0073124     | -58,9 
 342 | 100000       | 0,0118215       | 0,0052494     | 0,0065721     | -55,6 
 343 | 100000       | 0,0120223       | 0,0057631     | 0,0062592     | -52,1 
 344 | 100000       | 0,0117655       | 0,0052041     | 0,0065614     | -55,8 
 345 | 100000       | 0,0116578       | 0,0053966     | 0,0062612     | -53,7 
 346 | 100000       | 0,0116924       | 0,0051417     | 0,0065507     | -56,0 
 347 | 100000       | 0,0122228       | 0,0060642     | 0,0061586     | -50,4 
 348 | 100000       | 0,0117295       | 0,0054705     | 0,0062590     | -53,4 
 349 | 100000       | 0,0119237       | 0,0051038     | 0,0068199     | -57,2 
 350 | 100000       | 0,0107647       | 0,0044471     | 0,0063176     | -58,7 
 351 | 100000       | 0,0116662       | 0,0051493     | 0,0065169     | -55,9 
 352 | 100000       | 0,0116288       | 0,0051148     | 0,0065140     | -56,0 
 353 | 100000       | 0,0117444       | 0,0063594     | 0,0053850     | -45,9 
 354 | 100000       | 0,0121848       | 0,0069847     | 0,0052001     | -42,7 
 355 | 100000       | 0,0121126       | 0,0050889     | 0,0070237     | -58,0 
 356 | 100000       | 0,0119340       | 0,0050438     | 0,0068902     | -57,7 
 357 | 100000       | 0,0121360       | 0,0047984     | 0,0073376     | -60,5 
 358 | 100000       | 0,0117754       | 0,0054121     | 0,0063633     | -54,0 
 359 | 100000       | 0,0119142       | 0,0052115     | 0,0067027     | -56,3 
 360 | 100000       | 0,0117345       | 0,0053723     | 0,0063622     | -54,2 
 361 | 100000       | 0,0119142       | 0,0049571     | 0,0069571     | -58,4 
 362 | 100000       | 0,0118035       | 0,0049629     | 0,0068406     | -58,0 
 363 | 100000       | 0,0116484       | 0,0051569     | 0,0064915     | -55,7 
 364 | 100000       | 0,0117227       | 0,0060566     | 0,0056661     | -48,3 
 365 | 100000       | 0,0117955       | 0,0052313     | 0,0065642     | -55,7 
 366 | 100000       | 0,0118435       | 0,0051496     | 0,0066939     | -56,5 
 367 | 100000       | 0,0118807       | 0,0053113     | 0,0065694     | -55,3 
 368 | 100000       | 0,0122291       | 0,0049606     | 0,0072685     | -59,4 
 369 | 100000       | 0,0118048       | 0,0067202     | 0,0050846     | -43,1 
 370 | 100000       | 0,0117008       | 0,0052191     | 0,0064817     | -55,4 
 371 | 100000       | 0,0120433       | 0,0051437     | 0,0068996     | -57,3 
 372 | 100000       | 0,0122699       | 0,0049167     | 0,0073532     | -59,9 
 373 | 100000       | 0,0083641       | 0,0033395     | 0,0050246     | -60,1 
 374 | 100000       | 0,0117620       | 0,0052062     | 0,0065558     | -55,7 
 375 | 100000       | 0,0118413       | 0,0051898     | 0,0066515     | -56,2 
 376 | 100000       | 0,0118455       | 0,0048717     | 0,0069738     | -58,9 
 377 | 100000       | 0,0116676       | 0,0050662     | 0,0066014     | -56,6 
 378 | 100000       | 0,0117502       | 0,0049893     | 0,0067609     | -57,5 
 379 | 100000       | 0,0117387       | 0,0048927     | 0,0068460     | -58,3 
 380 | 100000       | 0,0117805       | 0,0050910     | 0,0066895     | -56,8 
 381 | 100000       | 0,0118205       | 0,0050579     | 0,0067626     | -57,2 
 382 | 100000       | 0,0119552       | 0,0053032     | 0,0066520     | -55,6 
 383 | 100000       | 0,0118047       | 0,0056114     | 0,0061933     | -52,5 
 384 | 100000       | 0,0123207       | 0,0062736     | 0,0060471     | -49,1 
 385 | 100000       | 0,0101081       | 0,0044082     | 0,0056999     | -56,4 
 386 | 100000       | 0,0116968       | 0,0051328     | 0,0065640     | -56,1 
 387 | 100000       | 0,0117100       | 0,0053228     | 0,0063872     | -54,5 
 388 | 100000       | 0,0117902       | 0,0051927     | 0,0065975     | -56,0 
 389 | 100000       | 0,0117218       | 0,0051893     | 0,0065325     | -55,7 
 390 | 100000       | 0,0119948       | 0,0048354     | 0,0071594     | -59,7 
 391 | 100000       | 0,0117798       | 0,0051042     | 0,0066756     | -56,7 
 392 | 100000       | 0,0121360       | 0,0049141     | 0,0072219     | -59,5 
 393 | 100000       | 0,0118545       | 0,0049785     | 0,0068760     | -58,0 
 394 | 100000       | 0,0117647       | 0,0048992     | 0,0068655     | -58,4 
 395 | 100000       | 0,0116401       | 0,0052412     | 0,0063989     | -55,0 
 396 | 100000       | 0,0117557       | 0,0050047     | 0,0067510     | -57,4 
 397 | 100000       | 0,0114720       | 0,0056899     | 0,0057821     | -50,4 
 398 | 100000       | 0,0116980       | 0,0053617     | 0,0063363     | -54,2 
 399 | 100000       | 0,0117585       | 0,0052816     | 0,0064769     | -55,1 
 400 | 100000       | 0,0117647       | 0,0049428     | 0,0068219     | -58,0 
 401 | 1000000      | 0,0916543       | 0,0540848     | 0,0375695     | -41,0 
 402 | 1000000      | 0,1287060       | 0,0619391     | 0,0667669     | -51,9 
 403 | 1000000      | 0,1278327       | 0,0622622     | 0,0655705     | -51,3 
 404 | 1000000      | 0,1234240       | 0,0602269     | 0,0631971     | -51,2 
 405 | 1000000      | 0,0987295       | 0,0428261     | 0,0559034     | -56,6 
 406 | 1000000      | 0,0830126       | 0,0378727     | 0,0451399     | -54,4 
 407 | 1000000      | 0,1257994       | 0,0611253     | 0,0646741     | -51,4 
 408 | 1000000      | 0,1122476       | 0,0515465     | 0,0607011     | -54,1 
 409 | 1000000      | 0,0925458       | 0,0431767     | 0,0493691     | -53,3 
 410 | 1000000      | 0,1292285       | 0,0643426     | 0,0648859     | -50,2 
 411 | 1000000      | 0,1114383       | 0,0500969     | 0,0613414     | -55,0 
 412 | 1000000      | 0,0861599       | 0,0382542     | 0,0479057     | -55,6 
 413 | 1000000      | 0,1252275       | 0,0598886     | 0,0653389     | -52,2 
 414 | 1000000      | 0,1024529       | 0,0450048     | 0,0574481     | -56,1 
 415 | 1000000      | 0,1250947       | 0,0597316     | 0,0653631     | -52,3 
 416 | 1000000      | 0,1167765       | 0,0544400     | 0,0623365     | -53,4 
 417 | 1000000      | 0,1287082       | 0,2474095     | -0,1187013    | 92,2 
 418 | 1000000      | 0,1255572       | 0,0590581     | 0,0664991     | -53,0 
 419 | 1000000      | 0,0952285       | 0,0447508     | 0,0504777     | -53,0 
 420 | 1000000      | 0,1287257       | 0,0614008     | 0,0673249     | -52,3 
 421 | 1000000      | 0,1020186       | 0,0471171     | 0,0549015     | -53,8 
 422 | 1000000      | 0,1281198       | 0,0622726     | 0,0658472     | -51,4 
 423 | 1000000      | 0,1128467       | 0,0533119     | 0,0595348     | -52,8 
 424 | 1000000      | 0,1332070       | 0,0676372     | 0,0655698     | -49,2 
 425 | 1000000      | 0,1160851       | 0,0543255     | 0,0617596     | -53,2 
 426 | 1000000      | 0,1276017       | 0,0617222     | 0,0658795     | -51,6 
 427 | 1000000      | 0,1288967       | 0,0587262     | 0,0701705     | -54,4 
 428 | 1000000      | 0,0877323       | 0,0407801     | 0,0469522     | -53,5 
 429 | 1000000      | 0,1277350       | 0,0590003     | 0,0687347     | -53,8 
 430 | 1000000      | 0,0938957       | 0,0454183     | 0,0484774     | -51,6 
 431 | 1000000      | 0,1310152       | 0,0639579     | 0,0670573     | -51,2 
 432 | 1000000      | 0,0983729       | 0,0441133     | 0,0542596     | -55,2 
 433 | 1000000      | 0,1261069       | 0,0627350     | 0,0633719     | -50,3 
 434 | 1000000      | 0,1024742       | 0,0464855     | 0,0559887     | -54,6 
 435 | 1000000      | 0,1258698       | 0,0586696     | 0,0672002     | -53,4 
 436 | 1000000      | 0,1033102       | 0,0460959     | 0,0572143     | -55,4 
 437 | 1000000      | 0,1222731       | 0,0580063     | 0,0642668     | -52,6 
 438 | 1000000      | 0,1067046       | 0,0508634     | 0,0558412     | -52,3 
 439 | 1000000      | 0,1275664       | 0,0638184     | 0,0637480     | -50,0 
 440 | 1000000      | 0,1013789       | 0,0453692     | 0,0560097     | -55,2 
 441 | 1000000      | 0,1245273       | 0,0588290     | 0,0656983     | -52,8 
 442 | 1000000      | 0,3278224       | 0,0526347     | 0,2751877     | -83,9 
 443 | 1000000      | 0,1625311       | 0,0595581     | 0,1029730     | -63,4 
 444 | 1000000      | 0,1121559       | 0,0462071     | 0,0659488     | -58,8 
 445 | 1000000      | 0,1252813       | 0,0595451     | 0,0657362     | -52,5 
 446 | 1000000      | 0,1043313       | 0,0464875     | 0,0578438     | -55,4 
 447 | 1000000      | 0,1307828       | 0,0645567     | 0,0662261     | -50,6 
 448 | 1000000      | 0,0919606       | 0,0417927     | 0,0501679     | -54,6 
 449 | 1000000      | 0,1239650       | 0,0583478     | 0,0656172     | -52,9 
 450 | 1000000      | 0,0892354       | 0,0405195     | 0,0487159     | -54,6 
 451 | 1000000      | 0,1479899       | 0,0653057     | 0,0826842     | -55,9 
 452 | 1000000      | 0,1257925       | 0,0557987     | 0,0699938     | -55,6 
 453 | 1000000      | 0,1502230       | 0,0671690     | 0,0830540     | -55,3 
 454 | 1000000      | 0,1429451       | 0,0662016     | 0,0767435     | -53,7 
 455 | 1000000      | 0,0968727       | 0,0446167     | 0,0522560     | -53,9 
 456 | 1000000      | 0,1526268       | 0,0670674     | 0,0855594     | -56,1 
 457 | 1000000      | 0,1143356       | 0,0499926     | 0,0643430     | -56,3 
 458 | 1000000      | 0,1568280       | 0,0700699     | 0,0867581     | -55,3 
 459 | 1000000      | 0,1356950       | 0,0605659     | 0,0751291     | -55,4 
 460 | 1000000      | 0,1557728       | 0,0706641     | 0,0851087     | -54,6 
 461 | 1000000      | 0,1503655       | 0,0662257     | 0,0841398     | -56,0 
 462 | 1000000      | 0,0942115       | 0,0452322     | 0,0489793     | -52,0 
 463 | 1000000      | 0,1485996       | 0,0671945     | 0,0814051     | -54,8 
 464 | 1000000      | 0,1050873       | 0,0474071     | 0,0576802     | -54,9 
 465 | 1000000      | 0,1508532       | 0,0659572     | 0,0848960     | -56,3 
 466 | 1000000      | 0,1157486       | 0,0514399     | 0,0643087     | -55,6 
 467 | 1000000      | 0,1513311       | 0,0671235     | 0,0842076     | -55,6 
 468 | 1000000      | 0,1146416       | 0,0536069     | 0,0610347     | -53,2 
 469 | 1000000      | 0,1514422       | 0,0711472     | 0,0802950     | -53,0 
 470 | 1000000      | 0,1282368       | 0,0561537     | 0,0720831     | -56,2 
 471 | 1000000      | 0,1474840       | 0,0635001     | 0,0839839     | -56,9 
 472 | 1000000      | 0,1301791       | 0,0584950     | 0,0716841     | -55,1 
 473 | 1000000      | 0,1526547       | 0,0717470     | 0,0809077     | -53,0 
 474 | 1000000      | 0,3155897       | 0,0461231     | 0,2694666     | -85,4 
 475 | 1000000      | 0,1723916       | 0,0795410     | 0,0928506     | -53,9 
 476 | 1000000      | 0,1247919       | 0,0541432     | 0,0706487     | -56,6 
 477 | 1000000      | 0,1071210       | 0,0459328     | 0,0611882     | -57,1 
 478 | 1000000      | 0,1079297       | 0,0503022     | 0,0576275     | -53,4 
 479 | 1000000      | 0,1532229       | 0,0722475     | 0,0809754     | -52,8 
 480 | 1000000      | 0,1550406       | 0,0735240     | 0,0815166     | -52,6 
 481 | 1000000      | 0,1353574       | 0,0599603     | 0,0753971     | -55,7 
 482 | 1000000      | 0,1507824       | 0,0670139     | 0,0837685     | -55,6 
 483 | 1000000      | 0,1426528       | 0,0638002     | 0,0788526     | -55,3 
 484 | 1000000      | 0,1507436       | 0,0671724     | 0,0835712     | -55,4 
 485 | 1000000      | 0,1448870       | 0,0652619     | 0,0796251     | -55,0 
 486 | 1000000      | 0,0975170       | 0,0441854     | 0,0533316     | -54,7 
 487 | 1000000      | 0,1540531       | 0,0697713     | 0,0842818     | -54,7 
 488 | 1000000      | 0,1580209       | 0,0684449     | 0,0895760     | -56,7 
 489 | 1000000      | 0,1450854       | 0,0648966     | 0,0801888     | -55,3 
 490 | 1000000      | 0,0923821       | 0,0403513     | 0,0520308     | -56,3 
 491 | 1000000      | 0,1503984       | 0,0656336     | 0,0847648     | -56,4 
 492 | 1000000      | 0,1502861       | 0,0659241     | 0,0843620     | -56,1 
 493 | 1000000      | 0,1396816       | 0,0622780     | 0,0774036     | -55,4 
 494 | 1000000      | 0,3688087       | 0,0368402     | 0,3319685     | -90,0 
 495 | 1000000      | 0,1538892       | 0,0700290     | 0,0838602     | -54,5 
 496 | 1000000      | 0,1536729       | 0,0744414     | 0,0792315     | -51,6 
 497 | 1000000      | 0,1387254       | 0,0617520     | 0,0769734     | -55,5 
 498 | 1000000      | 0,1506095       | 0,0674938     | 0,0831157     | -55,2 
 499 | 1000000      | 0,1491517       | 0,0684714     | 0,0806803     | -54,1 
 500 | 1000000      | 0,1531545       | 0,0675684     | 0,0855861     | -55,9 
 501 | 10000000     | 1,0797940       | 0,4556089     | 0,6241851     | -57,8 
 502 | 10000000     | 0,8476305       | 0,4097823     | 0,4378482     | -51,7 
 503 | 10000000     | 0,8666492       | 0,4063171     | 0,4603321     | -53,1 
 504 | 10000000     | 0,8875465       | 0,4242329     | 0,4633136     | -52,2 
 505 | 10000000     | 0,8883816       | 0,3988434     | 0,4895382     | -55,1 
 506 | 10000000     | 1,0388772       | 0,6509131     | 0,3879641     | -37,3 
 507 | 10000000     | 1,0977629       | 0,8467835     | 0,2509794     | -22,9 
 508 | 10000000     | 0,8858439       | 0,4133611     | 0,4724828     | -53,3 
 509 | 10000000     | 0,8895356       | 0,4921867     | 0,3973489     | -44,7 
 510 | 10000000     | 0,8443705       | 0,3920574     | 0,4523131     | -53,6 
 511 | 10000000     | 1,1473538       | 0,5176517     | 0,6297021     | -54,9 
 512 | 10000000     | 1,0689122       | 0,6018903     | 0,4670219     | -43,7 
 513 | 10000000     | 0,8758484       | 0,4004786     | 0,4753698     | -54,3 
 514 | 10000000     | 0,8775899       | 0,5331523     | 0,3444376     | -39,2 
 515 | 10000000     | 0,8504427       | 0,4113198     | 0,4391229     | -51,6 
 516 | 10000000     | 1,1526854       | 0,5307967     | 0,6218887     | -54,0 
 517 | 10000000     | 0,8567174       | 0,4054650     | 0,4512524     | -52,7 
 518 | 10000000     | 1,1702746       | 0,5456685     | 0,6246061     | -53,4 
 519 | 10000000     | 0,8439257       | 0,4283679     | 0,4155578     | -49,2 
 520 | 10000000     | 1,1398923       | 0,5077421     | 0,6321502     | -55,5 
 521 | 10000000     | 0,8532647       | 0,4089503     | 0,4443144     | -52,1 
 522 | 10000000     | 0,8437737       | 0,6356794     | 0,2080943     | -24,7 
 523 | 10000000     | 0,8478309       | 0,3940030     | 0,4538279     | -53,5 
 524 | 10000000     | 1,3469123       | 0,6083009     | 0,7386114     | -54,8 
 525 | 10000000     | 1,1221768       | 0,5010712     | 0,6211056     | -55,3 
 526 | 10000000     | 1,0560344       | 0,4886740     | 0,5673604     | -53,7 
 527 | 10000000     | 1,1043242       | 0,7620680     | 0,3422562     | -31,0 
 528 | 10000000     | 0,8745382       | 0,4004954     | 0,4740428     | -54,2 
 529 | 10000000     | 0,8583489       | 0,4136190     | 0,4447299     | -51,8 
 530 | 10000000     | 0,8903939       | 0,4134081     | 0,4769858     | -53,6 
 531 | 10000000     | 0,8624258       | 0,4093530     | 0,4530728     | -52,5 
 532 | 10000000     | 0,8422504       | 0,6580937     | 0,1841567     | -21,9 
 533 | 10000000     | 1,0976965       | 0,7753677     | 0,3223288     | -29,4 
 534 | 10000000     | 1,0958167       | 0,4868783     | 0,6089384     | -55,6 
 535 | 10000000     | 1,0823113       | 0,7364097     | 0,3459016     | -32,0 
 536 | 10000000     | 0,8480102       | 0,3953171     | 0,4526931     | -53,4 
 537 | 10000000     | 0,8651267       | 0,5703043     | 0,2948224     | -34,1 
 538 | 10000000     | 1,1830079       | 0,5088124     | 0,6741955     | -57,0 
 539 | 10000000     | 0,9316804       | 0,4947885     | 0,4368919     | -46,9 
 540 | 10000000     | 0,9533091       | 0,4348200     | 0,5184891     | -54,4 
 541 | 10000000     | 0,8946732       | 0,4079780     | 0,4866952     | -54,4 
 542 | 10000000     | 0,8533080       | 0,3963665     | 0,4569415     | -53,5 
 543 | 10000000     | 1,1003628       | 0,4843080     | 0,6160548     | -56,0 
 544 | 10000000     | 1,1262881       | 0,5066474     | 0,6196407     | -55,0 
 545 | 10000000     | 1,1800254       | 0,6187892     | 0,5612362     | -47,6 
 546 | 10000000     | 1,1149066       | 0,4881907     | 0,6267159     | -56,2 
 547 | 10000000     | 1,1278937       | 0,5188664     | 0,6090273     | -54,0 
 548 | 10000000     | 0,8450146       | 0,3920449     | 0,4529697     | -53,6 
 549 | 10000000     | 1,1226587       | 0,5117831     | 0,6108756     | -54,4 
 550 | 10000000     | 1,0473981       | 0,7815340     | 0,2658641     | -25,4 
 551 | 10000000     | 1,1175997       | 0,5127936     | 0,6048061     | -54,1 
 552 | 10000000     | 0,8556327       | 0,5557641     | 0,2998686     | -35,0 
 553 | 10000000     | 0,9429968       | 0,4464417     | 0,4965551     | -52,7 
 554 | 10000000     | 0,9034002       | 0,4288475     | 0,4745527     | -52,5 
 555 | 10000000     | 1,0563942       | 0,4852294     | 0,5711648     | -54,1 
 556 | 10000000     | 1,0200124       | 0,4535580     | 0,5664544     | -55,5 
 557 | 10000000     | 0,8456147       | 0,4076543     | 0,4379604     | -51,8 
 558 | 10000000     | 0,8981428       | 0,5007051     | 0,3974377     | -44,3 
 559 | 10000000     | 0,8906983       | 0,4285655     | 0,4621328     | -51,9 
 560 | 10000000     | 1,3596182       | 0,5946277     | 0,7649905     | -56,3 
 561 | 10000000     | 1,0946744       | 0,4865270     | 0,6081474     | -55,6 
 562 | 10000000     | 1,0741555       | 0,4792279     | 0,5949276     | -55,4 
 563 | 10000000     | 1,0958286       | 0,7601527     | 0,3356759     | -30,6 
 564 | 10000000     | 0,8487283       | 0,4093939     | 0,4393344     | -51,8 
 565 | 10000000     | 0,9863913       | 0,4228348     | 0,5635565     | -57,1 
 566 | 10000000     | 0,8499700       | 0,3955702     | 0,4543998     | -53,5 
 567 | 10000000     | 1,3591876       | 0,4815662     | 0,8776214     | -64,6 
 568 | 10000000     | 1,0228775       | 0,4583225     | 0,5645550     | -55,2 
 569 | 10000000     | 1,0317202       | 0,4896662     | 0,5420540     | -52,5 
 570 | 10000000     | 0,8598658       | 0,4065104     | 0,4533554     | -52,7 
 571 | 10000000     | 0,9372776       | 0,5549474     | 0,3823302     | -40,8 
 572 | 10000000     | 0,9240546       | 0,4318267     | 0,4922279     | -53,3 
 573 | 10000000     | 0,8675115       | 0,4231716     | 0,4443399     | -51,2 
 574 | 10000000     | 1,1113604       | 0,4901099     | 0,6212505     | -55,9 
 575 | 10000000     | 1,1543523       | 0,7924607     | 0,3618916     | -31,4 
 576 | 10000000     | 0,8458214       | 0,6331753     | 0,2126461     | -25,1 
 577 | 10000000     | 1,1287178       | 0,5327385     | 0,5959793     | -52,8 
 578 | 10000000     | 0,8509237       | 0,4108094     | 0,4401143     | -51,7 
 579 | 10000000     | 1,0928410       | 0,5093624     | 0,5834786     | -53,4 
 580 | 10000000     | 1,1565432       | 0,8355468     | 0,3209964     | -27,8 
 581 | 10000000     | 1,1358685       | 0,7990550     | 0,3368135     | -29,7 
 582 | 10000000     | 1,1326691       | 0,5138284     | 0,6188407     | -54,6 
 583 | 10000000     | 0,8927858       | 0,4140332     | 0,4787526     | -53,6 
 584 | 10000000     | 1,0930412       | 0,6741742     | 0,4188670     | -38,3 
 585 | 10000000     | 0,8518934       | 0,6278872     | 0,2240062     | -26,3 
 586 | 10000000     | 0,8511373       | 0,4477699     | 0,4033674     | -47,4 
 587 | 10000000     | 1,1505693       | 0,5314418     | 0,6191275     | -53,8 
 588 | 10000000     | 0,8617110       | 0,4108654     | 0,4508456     | -52,3 
 589 | 10000000     | 0,8822306       | 0,5533585     | 0,3288721     | -37,3 
 590 | 10000000     | 1,1495473       | 0,5080429     | 0,6415044     | -55,8 
 591 | 10000000     | 0,8592210       | 0,3984208     | 0,4608002     | -53,6 
 592 | 10000000     | 1,0900944       | 0,9677564     | 0,1223380     | -11,2 
 593 | 10000000     | 0,8407507       | 0,3927393     | 0,4480114     | -53,3 
 594 | 10000000     | 1,1394160       | 0,8000213     | 0,3393947     | -29,8 
 595 | 10000000     | 1,1266847       | 0,5151336     | 0,6115511     | -54,3 
 596 | 10000000     | 0,8496156       | 0,5584161     | 0,2911995     | -34,3 
 597 | 10000000     | 1,1247709       | 0,4916428     | 0,6331281     | -56,3 
 598 | 10000000     | 0,8480247       | 0,5450655     | 0,3029592     | -35,7 
 599 | 10000000     | 0,8503614       | 0,5799467     | 0,2704147     | -31,8 
 600 | 10000000     | 1,1049935       | 0,4990176     | 0,6059759     | -54,8 

Для выборки размером: 100
	- всего тестов: 100
	- успешных случаев: 0
	- % успешных тестов: 0,0%
Для выборки размером: 1000
	- всего тестов: 100
	- успешных случаев: 6
	- % успешных тестов: 6,0%
	- среднее время последовательного теста: 0,0002188
	- среднее время параллельного теста: 0,0008317
	- рост производительности для успешных случаев в среднем на: 33,4%
Для выборки размером: 10000
	- всего тестов: 100
	- успешных случаев: 70
	- % успешных тестов: 70,0%
	- среднее время последовательного теста: 0,0021506
	- среднее время параллельного теста: 0,0020980
	- рост производительности для успешных случаев в среднем на: 22,8%
Для выборки размером: 100000
	- всего тестов: 100
	- успешных случаев: 99
	- % успешных тестов: 99,0%
	- среднее время последовательного теста: 0,0118685
	- среднее время параллельного теста: 0,0054858
	- рост производительности для успешных случаев в среднем на: 54,5%
Для выборки размером: 1000000
	- всего тестов: 100
	- успешных случаев: 99
	- % успешных тестов: 99,0%
	- среднее время последовательного теста: 0,1329022
	- среднее время параллельного теста: 0,0595413
	- рост производительности для успешных случаев в среднем на: 55,0%
Для выборки размером: 10000000
	- всего тестов: 100
	- успешных случаев: 100
	- % успешных тестов: 100,0%
	- среднее время последовательного теста: 0,9930010
	- среднее время параллельного теста: 0,5182227
	- рост производительности для успешных случаев в среднем на: 47,7%

