//каждый тест запускался отдельно
Единичный тест выборки в 10_000_000 чел.
 №   | выборка, чел | последовательно | параллельно   | разность, сек | %
------------------------------------------------------------------------------
 1   | 10000000     | 0,9586151       | 0,7790758     | 0,1795393     | -18,7 

Для выборки размером: 10000000
	- всего тестов: 1
	- успешных случаев: 1
	- % успешных тестов: 100,0%
	- среднее время последовательного теста: 0,9586151
	- среднее время параллельного теста: 0,7790758
	- рост производительности для успешных случаев в среднем на: 18,7%

Десять тестов одной и той же выборки в 10_000_000 чел.
 №   | выборка, чел | последовательно | параллельно   | разность, сек | %
------------------------------------------------------------------------------
 1   | 10000000     | 0,9229982       | 0,8228804     | 0,1001178     | -10,8 
 2   | 10000000     | 0,8472403       | 0,3892995     | 0,4579408     | -54,1 
 3   | 10000000     | 0,9202552       | 0,4255201     | 0,4947351     | -53,8 
 4   | 10000000     | 0,9184389       | 0,4521879     | 0,4662510     | -50,8 
 5   | 10000000     | 0,9271441       | 0,4459246     | 0,4812195     | -51,9 
 6   | 10000000     | 0,9162313       | 0,5715590     | 0,3446723     | -37,6 
 7   | 10000000     | 1,1669285       | 0,4695380     | 0,6973905     | -59,8 
 8   | 10000000     | 0,8695930       | 0,4125207     | 0,4570723     | -52,6 
 9   | 10000000     | 1,1390133       | 0,4826220     | 0,6563913     | -57,6 
 10  | 10000000     | 0,8443757       | 0,3869738     | 0,4574019     | -54,2 

Для выборки размером: 10000000
	- всего тестов: 10
	- успешных случаев: 10
	- % успешных тестов: 100,0%
	- среднее время последовательного теста: 0,9472219
	- среднее время параллельного теста: 0,4859026
	- рост производительности для успешных случаев в среднем на: 48,3%

Сто тестов всех видов выборок, которые генерируются заново в цикле
 №   | выборка, чел | последовательно | параллельно   | разность, сек | %
------------------------------------------------------------------------------
 1   | 100          | 0,0103489       | 0,0118374     | -0,0014885    | 14,4 
 2   | 100          | 0,0007069       | 0,0014583     | -0,0007514    | 106,3 
 3   | 100          | 0,0004671       | 0,0022452     | -0,0017781    | 380,7 
 4   | 100          | 0,0004465       | 0,0014403     | -0,0009938    | 222,6 
 5   | 100          | 0,0001766       | 0,0019794     | -0,0018028    | 1020,8 
 6   | 100          | 0,0002759       | 0,0011555     | -0,0008796    | 318,8 
 7   | 100          | 0,0001996       | 0,0011386     | -0,0009390    | 470,4 
 8   | 100          | 0,0001358       | 0,0011192     | -0,0009834    | 724,2 
 9   | 100          | 0,0000842       | 0,0011887     | -0,0011045    | 1311,8 
 10  | 100          | 0,0002042       | 0,0009951     | -0,0007909    | 387,3 
 11  | 100          | 0,0001453       | 0,0019825     | -0,0018372    | 1264,4 
 12  | 100          | 0,0000975       | 0,0004319     | -0,0003344    | 343,0 
 13  | 100          | 0,0000790       | 0,0003792     | -0,0003002    | 380,0 
 14  | 100          | 0,0000807       | 0,0003711     | -0,0002904    | 359,9 
 15  | 100          | 0,0000854       | 0,0003504     | -0,0002650    | 310,3 
 16  | 100          | 0,0000715       | 0,0007730     | -0,0007015    | 981,1 
 17  | 100          | 0,0000796       | 0,0003336     | -0,0002540    | 319,1 
 18  | 100          | 0,0000727       | 0,0011321     | -0,0010594    | 1457,2 
 19  | 100          | 0,0001420       | 0,0006198     | -0,0004778    | 336,5 
 20  | 100          | 0,0000709       | 0,0006104     | -0,0005395    | 760,9 
 21  | 100          | 0,0000790       | 0,0007869     | -0,0007079    | 896,1 
 22  | 100          | 0,0000734       | 0,0007819     | -0,0007085    | 965,3 
 23  | 100          | 0,0000953       | 0,0009335     | -0,0008382    | 879,5 
 24  | 100          | 0,0000696       | 0,0005928     | -0,0005232    | 751,7 
 25  | 100          | 0,0001633       | 0,0008093     | -0,0006460    | 395,6 
 26  | 100          | 0,0000741       | 0,0005897     | -0,0005156    | 695,8 
 27  | 100          | 0,0000674       | 0,0005646     | -0,0004972    | 737,7 
 28  | 100          | 0,0001768       | 0,0003565     | -0,0001797    | 101,6 
 29  | 100          | 0,0000690       | 0,0003476     | -0,0002786    | 403,8 
 30  | 100          | 0,0000623       | 0,0006488     | -0,0005865    | 941,4 
 31  | 100          | 0,0001356       | 0,0006387     | -0,0005031    | 371,0 
 32  | 100          | 0,0000617       | 0,0007566     | -0,0006949    | 1126,3 
 33  | 100          | 0,0000712       | 0,0003506     | -0,0002794    | 392,4 
 34  | 100          | 0,0000545       | 0,0002463     | -0,0001918    | 351,9 
 35  | 100          | 0,0000650       | 0,0009921     | -0,0009271    | 1426,3 
 36  | 100          | 0,0000857       | 0,0005501     | -0,0004644    | 541,9 
 37  | 100          | 0,0000538       | 0,0005584     | -0,0005046    | 937,9 
 38  | 100          | 0,0001158       | 0,0005295     | -0,0004137    | 357,3 
 39  | 100          | 0,0000823       | 0,0004967     | -0,0004144    | 503,5 
 40  | 100          | 0,0000526       | 0,0005136     | -0,0004610    | 876,4 
 41  | 100          | 0,0000873       | 0,0003118     | -0,0002245    | 257,2 
 42  | 100          | 0,0000868       | 0,0002662     | -0,0001794    | 206,7 
 43  | 100          | 0,0000739       | 0,0002536     | -0,0001797    | 243,2 
 44  | 100          | 0,0000495       | 0,0002148     | -0,0001653    | 333,9 
 45  | 100          | 0,0000640       | 0,0003156     | -0,0002516    | 393,1 
 46  | 100          | 0,0000580       | 0,0007706     | -0,0007126    | 1228,6 
 47  | 100          | 0,0000629       | 0,0004533     | -0,0003904    | 620,7 
 48  | 100          | 0,0000540       | 0,0004620     | -0,0004080    | 755,6 
 49  | 100          | 0,0000632       | 0,0004946     | -0,0004314    | 682,6 
 50  | 100          | 0,0000533       | 0,0004535     | -0,0004002    | 750,8 
 51  | 100          | 0,0000461       | 0,0004474     | -0,0004013    | 870,5 
 52  | 100          | 0,0000679       | 0,0004372     | -0,0003693    | 543,9 
 53  | 100          | 0,0000536       | 0,0002743     | -0,0002207    | 411,8 
 54  | 100          | 0,0000790       | 0,0001859     | -0,0001069    | 135,3 
 55  | 100          | 0,0000651       | 0,0001995     | -0,0001344    | 206,5 
 56  | 100          | 0,0000501       | 0,0001625     | -0,0001124    | 224,4 
 57  | 100          | 0,0000388       | 0,0003227     | -0,0002839    | 731,7 
 58  | 100          | 0,0000846       | 0,0001605     | -0,0000759    | 89,7 
 59  | 100          | 0,0000413       | 0,0002221     | -0,0001808    | 437,8 
 60  | 100          | 0,0000489       | 0,0011652     | -0,0011163    | 2282,8 
 61  | 100          | 0,0000570       | 0,0003192     | -0,0002622    | 460,0 
 62  | 100          | 0,0000467       | 0,0001918     | -0,0001451    | 310,7 
 63  | 100          | 0,0000566       | 0,0005592     | -0,0005026    | 888,0 
 64  | 100          | 0,0000595       | 0,0004123     | -0,0003528    | 592,9 
 65  | 100          | 0,0000602       | 0,0003544     | -0,0002942    | 488,7 
 66  | 100          | 0,0003817       | 0,0002101     | 0,0001716     | -45,0 
 67  | 100          | 0,0000605       | 0,0003013     | -0,0002408    | 398,0 
 68  | 100          | 0,0000558       | 0,0002325     | -0,0001767    | 316,7 
 69  | 100          | 0,0000506       | 0,0003177     | -0,0002671    | 527,9 
 70  | 100          | 0,0000485       | 0,0002658     | -0,0002173    | 448,0 
 71  | 100          | 0,0000535       | 0,0003086     | -0,0002551    | 476,8 
 72  | 100          | 0,0000521       | 0,0001815     | -0,0001294    | 248,4 
 73  | 100          | 0,0000526       | 0,0001639     | -0,0001113    | 211,6 
 74  | 100          | 0,0000594       | 0,0001591     | -0,0000997    | 167,8 
 75  | 100          | 0,0000416       | 0,0001647     | -0,0001231    | 295,9 
 76  | 100          | 0,0000577       | 0,0001615     | -0,0001038    | 179,9 
 77  | 100          | 0,0000483       | 0,0001547     | -0,0001064    | 220,3 
 78  | 100          | 0,0000464       | 0,0001663     | -0,0001199    | 258,4 
 79  | 100          | 0,0000412       | 0,0001754     | -0,0001342    | 325,7 
 80  | 100          | 0,0000460       | 0,0001822     | -0,0001362    | 296,1 
 81  | 100          | 0,0000372       | 0,0001781     | -0,0001409    | 378,8 
 82  | 100          | 0,0000429       | 0,0001483     | -0,0001054    | 245,7 
 83  | 100          | 0,0000347       | 0,0001683     | -0,0001336    | 385,0 
 84  | 100          | 0,0000364       | 0,0001520     | -0,0001156    | 317,6 
 85  | 100          | 0,0000396       | 0,0001650     | -0,0001254    | 316,7 
 86  | 100          | 0,0000435       | 0,0001563     | -0,0001128    | 259,3 
 87  | 100          | 0,0000413       | 0,0001622     | -0,0001209    | 292,7 
 88  | 100          | 0,0000727       | 0,0001499     | -0,0000772    | 106,2 
 89  | 100          | 0,0000415       | 0,0002912     | -0,0002497    | 601,7 
 90  | 100          | 0,0000443       | 0,0003601     | -0,0003158    | 712,9 
 91  | 100          | 0,0000831       | 0,0005805     | -0,0004974    | 598,6 
 92  | 100          | 0,0000523       | 0,0012117     | -0,0011594    | 2216,8 
 93  | 100          | 0,0000550       | 0,0011345     | -0,0010795    | 1962,7 
 94  | 100          | 0,0000813       | 0,0009085     | -0,0008272    | 1017,5 
 95  | 100          | 0,0000535       | 0,0005476     | -0,0004941    | 923,6 
 96  | 100          | 0,0000803       | 0,0011322     | -0,0010519    | 1310,0 
 97  | 100          | 0,0000402       | 0,0010892     | -0,0010490    | 2609,5 
 98  | 100          | 0,0003247       | 0,0011169     | -0,0007922    | 244,0 
 99  | 100          | 0,0000488       | 0,0004181     | -0,0003693    | 756,8 
 100 | 100          | 0,0000345       | 0,0003212     | -0,0002867    | 831,0 
 101 | 1000         | 0,0002698       | 0,0003606     | -0,0000908    | 33,7 
 102 | 1000         | 0,0002442       | 0,0003339     | -0,0000897    | 36,7 
 103 | 1000         | 0,0002642       | 0,0004524     | -0,0001882    | 71,2 
 104 | 1000         | 0,0002488       | 0,0003417     | -0,0000929    | 37,3 
 105 | 1000         | 0,0002498       | 0,0006101     | -0,0003603    | 144,2 
 106 | 1000         | 0,0002581       | 0,0003090     | -0,0000509    | 19,7 
 107 | 1000         | 0,0002795       | 0,0003601     | -0,0000806    | 28,8 
 108 | 1000         | 0,0002472       | 0,0003837     | -0,0001365    | 55,2 
 109 | 1000         | 0,0002541       | 0,0003680     | -0,0001139    | 44,8 
 110 | 1000         | 0,0002603       | 0,0003058     | -0,0000455    | 17,5 
 111 | 1000         | 0,0002068       | 0,0004490     | -0,0002422    | 117,1 
 112 | 1000         | 0,0002259       | 0,0007422     | -0,0005163    | 228,6 
 113 | 1000         | 0,0001968       | 0,0004443     | -0,0002475    | 125,8 
 114 | 1000         | 0,0002213       | 0,0004556     | -0,0002343    | 105,9 
 115 | 1000         | 0,0002164       | 0,0004322     | -0,0002158    | 99,7 
 116 | 1000         | 0,0002222       | 0,0003921     | -0,0001699    | 76,5 
 117 | 1000         | 0,0002212       | 0,0004203     | -0,0001991    | 90,0 
 118 | 1000         | 0,0001935       | 0,0004378     | -0,0002443    | 126,3 
 119 | 1000         | 0,0002126       | 0,0004437     | -0,0002311    | 108,7 
 120 | 1000         | 0,0002213       | 0,0002610     | -0,0000397    | 17,9 
 121 | 1000         | 0,0001614       | 0,0004029     | -0,0002415    | 149,6 
 122 | 1000         | 0,0002160       | 0,0002194     | -0,0000034    |  1,6 
 123 | 1000         | 0,0002152       | 0,0002721     | -0,0000569    | 26,4 
 124 | 1000         | 0,0001788       | 0,0003941     | -0,0002153    | 120,4 
 125 | 1000         | 0,0002404       | 0,0002305     | 0,0000099     | -4,1 
 126 | 1000         | 0,0007521       | 0,0013865     | -0,0006344    | 84,4 
 127 | 1000         | 0,0002056       | 0,0003475     | -0,0001419    | 69,0 
 128 | 1000         | 0,0001712       | 0,0002791     | -0,0001079    | 63,0 
 129 | 1000         | 0,0001509       | 0,0002121     | -0,0000612    | 40,6 
 130 | 1000         | 0,0001658       | 0,0004210     | -0,0002552    | 153,9 
 131 | 1000         | 0,0001545       | 0,0027865     | -0,0026320    | 1703,6 
 132 | 1000         | 0,0001552       | 0,0009224     | -0,0007672    | 494,3 
 133 | 1000         | 0,0001768       | 0,0020218     | -0,0018450    | 1043,6 
 134 | 1000         | 0,0001522       | 0,0011693     | -0,0010171    | 668,3 
 135 | 1000         | 0,0002363       | 0,0012174     | -0,0009811    | 415,2 
 136 | 1000         | 0,0001250       | 0,0012817     | -0,0011567    | 925,4 
 137 | 1000         | 0,0001532       | 0,0012035     | -0,0010503    | 685,6 
 138 | 1000         | 0,0001439       | 0,0011615     | -0,0010176    | 707,2 
 139 | 1000         | 0,0001383       | 0,0012449     | -0,0011066    | 800,1 
 140 | 1000         | 0,0001666       | 0,0011801     | -0,0010135    | 608,3 
 141 | 1000         | 0,0001795       | 0,0007952     | -0,0006157    | 343,0 
 142 | 1000         | 0,0001645       | 0,0004229     | -0,0002584    | 157,1 
 143 | 1000         | 0,0001562       | 0,0004521     | -0,0002959    | 189,4 
 144 | 1000         | 0,0001809       | 0,0003219     | -0,0001410    | 77,9 
 145 | 1000         | 0,0001555       | 0,0002359     | -0,0000804    | 51,7 
 146 | 1000         | 0,0001548       | 0,0002823     | -0,0001275    | 82,4 
 147 | 1000         | 0,0006518       | 0,0002993     | 0,0003525     | -54,1 
 148 | 1000         | 0,0001979       | 0,0004232     | -0,0002253    | 113,8 
 149 | 1000         | 0,0001935       | 0,0004151     | -0,0002216    | 114,5 
 150 | 1000         | 0,0001978       | 0,0003950     | -0,0001972    | 99,7 
 151 | 1000         | 0,0001822       | 0,0002307     | -0,0000485    | 26,6 
 152 | 1000         | 0,0001832       | 0,0002497     | -0,0000665    | 36,3 
 153 | 1000         | 0,0002027       | 0,0004135     | -0,0002108    | 104,0 
 154 | 1000         | 0,0001850       | 0,0006829     | -0,0004979    | 269,1 
 155 | 1000         | 0,0001969       | 0,0015846     | -0,0013877    | 704,8 
 156 | 1000         | 0,0001897       | 0,0006886     | -0,0004989    | 263,0 
 157 | 1000         | 0,0001881       | 0,0005132     | -0,0003251    | 172,8 
 158 | 1000         | 0,0001415       | 0,0003405     | -0,0001990    | 140,6 
 159 | 1000         | 0,0001755       | 0,0002713     | -0,0000958    | 54,6 
 160 | 1000         | 0,0001623       | 0,0002479     | -0,0000856    | 52,7 
 161 | 1000         | 0,0001750       | 0,0002438     | -0,0000688    | 39,3 
 162 | 1000         | 0,0001696       | 0,0003949     | -0,0002253    | 132,8 
 163 | 1000         | 0,0001794       | 0,0004302     | -0,0002508    | 139,8 
 164 | 1000         | 0,0001693       | 0,0005004     | -0,0003311    | 195,6 
 165 | 1000         | 0,0001702       | 0,0003313     | -0,0001611    | 94,7 
 166 | 1000         | 0,0001592       | 0,0002553     | -0,0000961    | 60,4 
 167 | 1000         | 0,0001708       | 0,0004048     | -0,0002340    | 137,0 
 168 | 1000         | 0,0001579       | 0,0003541     | -0,0001962    | 124,3 
 169 | 1000         | 0,0001436       | 0,0002254     | -0,0000818    | 57,0 
 170 | 1000         | 0,0001426       | 0,0003748     | -0,0002322    | 162,8 
 171 | 1000         | 0,0001530       | 0,0002955     | -0,0001425    | 93,1 
 172 | 1000         | 0,0002310       | 0,0003703     | -0,0001393    | 60,3 
 173 | 1000         | 0,0001681       | 0,0038214     | -0,0036533    | 2173,3 
 174 | 1000         | 0,0002320       | 0,0009296     | -0,0006976    | 300,7 
 175 | 1000         | 0,0001426       | 0,0009561     | -0,0008135    | 570,5 
 176 | 1000         | 0,0001492       | 0,0005918     | -0,0004426    | 296,6 
 177 | 1000         | 0,0001450       | 0,0004815     | -0,0003365    | 232,1 
 178 | 1000         | 0,0001537       | 0,0006046     | -0,0004509    | 293,4 
 179 | 1000         | 0,0001427       | 0,0005611     | -0,0004184    | 293,2 
 180 | 1000         | 0,0001515       | 0,0005688     | -0,0004173    | 275,4 
 181 | 1000         | 0,0001537       | 0,0009718     | -0,0008181    | 532,3 
 182 | 1000         | 0,0001356       | 0,0004615     | -0,0003259    | 240,3 
 183 | 1000         | 0,0001825       | 0,0019121     | -0,0017296    | 947,7 
 184 | 1000         | 0,0001698       | 0,0010786     | -0,0009088    | 535,2 
 185 | 1000         | 0,0001886       | 0,0065827     | -0,0063941    | 3390,3 
 186 | 1000         | 0,0001732       | 0,0014992     | -0,0013260    | 765,6 
 187 | 1000         | 0,0001737       | 0,0009299     | -0,0007562    | 435,3 
 188 | 1000         | 0,0001698       | 0,0005718     | -0,0004020    | 236,7 
 189 | 1000         | 0,0001442       | 0,0007524     | -0,0006082    | 421,8 
 190 | 1000         | 0,0001480       | 0,0011691     | -0,0010211    | 689,9 
 191 | 1000         | 0,0001522       | 0,0015186     | -0,0013664    | 897,8 
 192 | 1000         | 0,0001585       | 0,0118457     | -0,0116872    | 7373,6 
 193 | 1000         | 0,0001767       | 0,0014785     | -0,0013018    | 736,7 
 194 | 1000         | 0,0001722       | 0,0006745     | -0,0005023    | 291,7 
 195 | 1000         | 0,0001942       | 0,0002833     | -0,0000891    | 45,9 
 196 | 1000         | 0,0001356       | 0,0001719     | -0,0000363    | 26,8 
 197 | 1000         | 0,0001367       | 0,0001575     | -0,0000208    | 15,2 
 198 | 1000         | 0,0001204       | 0,0001466     | -0,0000262    | 21,8 
 199 | 1000         | 0,0001234       | 0,0001636     | -0,0000402    | 32,6 
 200 | 1000         | 0,0001243       | 0,0001487     | -0,0000244    | 19,6 
 201 | 10000        | 0,0017109       | 0,0025068     | -0,0007959    | 46,5 
 202 | 10000        | 0,0013985       | 0,0023187     | -0,0009202    | 65,8 
 203 | 10000        | 0,0474242       | 0,0069548     | 0,0404694     | -85,3 
 204 | 10000        | 0,0017942       | 0,0020731     | -0,0002789    | 15,5 
 205 | 10000        | 0,0017812       | 0,0014044     | 0,0003768     | -21,2 
 206 | 10000        | 0,0020011       | 0,0014467     | 0,0005544     | -27,7 
 207 | 10000        | 0,0017417       | 0,0014415     | 0,0003002     | -17,2 
 208 | 10000        | 0,0019603       | 0,0024838     | -0,0005235    | 26,7 
 209 | 10000        | 0,0017423       | 0,0015381     | 0,0002042     | -11,7 
 210 | 10000        | 0,0019559       | 0,0017974     | 0,0001585     | -8,1 
 211 | 10000        | 0,0017273       | 0,0014371     | 0,0002902     | -16,8 
 212 | 10000        | 0,0017739       | 0,0023228     | -0,0005489    | 30,9 
 213 | 10000        | 0,0018473       | 0,0022897     | -0,0004424    | 23,9 
 214 | 10000        | 0,0023683       | 0,0016389     | 0,0007294     | -30,8 
 215 | 10000        | 0,0014982       | 0,0015317     | -0,0000335    |  2,2 
 216 | 10000        | 0,0014995       | 0,0013946     | 0,0001049     | -7,0 
 217 | 10000        | 0,0027443       | 0,0050266     | -0,0022823    | 83,2 
 218 | 10000        | 0,0015947       | 0,0017467     | -0,0001520    |  9,5 
 219 | 10000        | 0,0015624       | 0,0015279     | 0,0000345     | -2,2 
 220 | 10000        | 0,0015925       | 0,0012805     | 0,0003120     | -19,6 
 221 | 10000        | 0,0014922       | 0,0015275     | -0,0000353    |  2,4 
 222 | 10000        | 0,0013892       | 0,0014395     | -0,0000503    |  3,6 
 223 | 10000        | 0,0014366       | 0,0013275     | 0,0001091     | -7,6 
 224 | 10000        | 0,0014895       | 0,0012359     | 0,0002536     | -17,0 
 225 | 10000        | 0,0014837       | 0,0010325     | 0,0004512     | -30,4 
 226 | 10000        | 0,0014065       | 0,0032236     | -0,0018171    | 129,2 
 227 | 10000        | 0,0014739       | 0,0013222     | 0,0001517     | -10,3 
 228 | 10000        | 0,0014624       | 0,0011342     | 0,0003282     | -22,4 
 229 | 10000        | 0,0013722       | 0,0012386     | 0,0001336     | -9,7 
 230 | 10000        | 0,0015135       | 0,0018308     | -0,0003173    | 21,0 
 231 | 10000        | 0,0014143       | 0,0014492     | -0,0000349    |  2,5 
 232 | 10000        | 0,0032313       | 0,0020103     | 0,0012210     | -37,8 
 233 | 10000        | 0,0013136       | 0,0012154     | 0,0000982     | -7,5 
 234 | 10000        | 0,0014197       | 0,0009288     | 0,0004909     | -34,6 
 235 | 10000        | 0,0013533       | 0,0008887     | 0,0004646     | -34,3 
 236 | 10000        | 0,0016436       | 0,0012948     | 0,0003488     | -21,2 
 237 | 10000        | 0,0014601       | 0,0012036     | 0,0002565     | -17,6 
 238 | 10000        | 0,0013196       | 0,0012596     | 0,0000600     | -4,5 
 239 | 10000        | 0,0013205       | 0,0051854     | -0,0038649    | 292,7 
 240 | 10000        | 0,0012925       | 0,0011519     | 0,0001406     | -10,9 
 241 | 10000        | 0,0015038       | 0,0012240     | 0,0002798     | -18,6 
 242 | 10000        | 0,0013572       | 0,0021083     | -0,0007511    | 55,3 
 243 | 10000        | 0,0012695       | 0,0009881     | 0,0002814     | -22,2 
 244 | 10000        | 0,0012826       | 0,0012900     | -0,0000074    |  0,6 
 245 | 10000        | 0,0087447       | 0,0021137     | 0,0066310     | -75,8 
 246 | 10000        | 0,0014324       | 0,0023992     | -0,0009668    | 67,5 
 247 | 10000        | 0,0014315       | 0,0015034     | -0,0000719    |  5,0 
 248 | 10000        | 0,0013236       | 0,0011253     | 0,0001983     | -15,0 
 249 | 10000        | 0,0014001       | 0,0030718     | -0,0016717    | 119,4 
 250 | 10000        | 0,0014097       | 0,0029995     | -0,0015898    | 112,8 
 251 | 10000        | 0,0013276       | 0,0010852     | 0,0002424     | -18,3 
 252 | 10000        | 0,0013635       | 0,0011466     | 0,0002169     | -15,9 
 253 | 10000        | 0,0013302       | 0,0010401     | 0,0002901     | -21,8 
 254 | 10000        | 0,0013657       | 0,0014297     | -0,0000640    |  4,7 
 255 | 10000        | 0,0012724       | 0,0009446     | 0,0003278     | -25,8 
 256 | 10000        | 0,0012884       | 0,0009627     | 0,0003257     | -25,3 
 257 | 10000        | 0,0013591       | 0,0010150     | 0,0003441     | -25,3 
 258 | 10000        | 0,0013142       | 0,0010915     | 0,0002227     | -16,9 
 259 | 10000        | 0,0012954       | 0,0010297     | 0,0002657     | -20,5 
 260 | 10000        | 0,0013193       | 0,0009673     | 0,0003520     | -26,7 
 261 | 10000        | 0,0012932       | 0,0010278     | 0,0002654     | -20,5 
 262 | 10000        | 0,0013697       | 0,0012067     | 0,0001630     | -11,9 
 263 | 10000        | 0,0012429       | 0,0009328     | 0,0003101     | -24,9 
 264 | 10000        | 0,0012981       | 0,0009404     | 0,0003577     | -27,6 
 265 | 10000        | 0,0012864       | 0,0009444     | 0,0003420     | -26,6 
 266 | 10000        | 0,0013217       | 0,0011008     | 0,0002209     | -16,7 
 267 | 10000        | 0,0013702       | 0,0012816     | 0,0000886     | -6,5 
 268 | 10000        | 0,0012715       | 0,0009518     | 0,0003197     | -25,1 
 269 | 10000        | 0,0013173       | 0,0010223     | 0,0002950     | -22,4 
 270 | 10000        | 0,0013204       | 0,0011677     | 0,0001527     | -11,6 
 271 | 10000        | 0,0015145       | 0,0011995     | 0,0003150     | -20,8 
 272 | 10000        | 0,0013734       | 0,0011915     | 0,0001819     | -13,2 
 273 | 10000        | 0,0038584       | 0,0020766     | 0,0017818     | -46,2 
 274 | 10000        | 0,0012503       | 0,0009767     | 0,0002736     | -21,9 
 275 | 10000        | 0,0012898       | 0,0010643     | 0,0002255     | -17,5 
 276 | 10000        | 0,0011728       | 0,0008936     | 0,0002792     | -23,8 
 277 | 10000        | 0,0011836       | 0,0009122     | 0,0002714     | -22,9 
 278 | 10000        | 0,0014025       | 0,0014985     | -0,0000960    |  6,8 
 279 | 10000        | 0,0013286       | 0,0012945     | 0,0000341     | -2,6 
 280 | 10000        | 0,0012855       | 0,0012293     | 0,0000562     | -4,4 
 281 | 10000        | 0,0012473       | 0,0009449     | 0,0003024     | -24,2 
 282 | 10000        | 0,0013049       | 0,0009823     | 0,0003226     | -24,7 
 283 | 10000        | 0,0013750       | 0,0013055     | 0,0000695     | -5,1 
 284 | 10000        | 0,0014655       | 0,0015926     | -0,0001271    |  8,7 
 285 | 10000        | 0,0013992       | 0,0011354     | 0,0002638     | -18,9 
 286 | 10000        | 0,0013689       | 0,0011466     | 0,0002223     | -16,2 
 287 | 10000        | 0,0009036       | 0,0007601     | 0,0001435     | -15,9 
 288 | 10000        | 0,0010956       | 0,0008264     | 0,0002692     | -24,6 
 289 | 10000        | 0,0010782       | 0,0007952     | 0,0002830     | -26,2 
 290 | 10000        | 0,0011069       | 0,0008104     | 0,0002965     | -26,8 
 291 | 10000        | 0,0013179       | 0,0012261     | 0,0000918     | -7,0 
 292 | 10000        | 0,0011675       | 0,0008028     | 0,0003647     | -31,2 
 293 | 10000        | 0,0011172       | 0,0007925     | 0,0003247     | -29,1 
 294 | 10000        | 0,0011548       | 0,0008406     | 0,0003142     | -27,2 
 295 | 10000        | 0,0011935       | 0,0008165     | 0,0003770     | -31,6 
 296 | 10000        | 0,0010921       | 0,0007718     | 0,0003203     | -29,3 
 297 | 10000        | 0,0010795       | 0,0008601     | 0,0002194     | -20,3 
 298 | 10000        | 0,0011253       | 0,0008029     | 0,0003224     | -28,7 
 299 | 10000        | 0,0010882       | 0,0007813     | 0,0003069     | -28,2 
 300 | 10000        | 0,0011075       | 0,0007783     | 0,0003292     | -29,7 
 301 | 100000       | 0,0133326       | 0,0097396     | 0,0035930     | -26,9 
 302 | 100000       | 0,0135958       | 0,0088385     | 0,0047573     | -35,0 
 303 | 100000       | 0,0132159       | 0,0090220     | 0,0041939     | -31,7 
 304 | 100000       | 0,0146953       | 0,0098004     | 0,0048949     | -33,3 
 305 | 100000       | 0,0125784       | 0,0066463     | 0,0059321     | -47,2 
 306 | 100000       | 0,0121994       | 0,0050822     | 0,0071172     | -58,3 
 307 | 100000       | 0,0120888       | 0,0049766     | 0,0071122     | -58,8 
 308 | 100000       | 0,0123287       | 0,0053896     | 0,0069391     | -56,3 
 309 | 100000       | 0,0105534       | 0,0051385     | 0,0054149     | -51,3 
 310 | 100000       | 0,0122677       | 0,0050673     | 0,0072004     | -58,7 
 311 | 100000       | 0,0120716       | 0,0062752     | 0,0057964     | -48,0 
 312 | 100000       | 0,0121564       | 0,0051684     | 0,0069880     | -57,5 
 313 | 100000       | 0,0120024       | 0,0058923     | 0,0061101     | -50,9 
 314 | 100000       | 0,0120726       | 0,0062841     | 0,0057885     | -47,9 
 315 | 100000       | 0,0125403       | 0,0054095     | 0,0071308     | -56,9 
 316 | 100000       | 0,0119471       | 0,0051189     | 0,0068282     | -57,2 
 317 | 100000       | 0,0120930       | 0,0052269     | 0,0068661     | -56,8 
 318 | 100000       | 0,0079402       | 0,0033848     | 0,0045554     | -57,4 
 319 | 100000       | 0,0126444       | 0,0071011     | 0,0055433     | -43,8 
 320 | 100000       | 0,0120821       | 0,0051455     | 0,0069366     | -57,4 
 321 | 100000       | 0,0139766       | 0,0065033     | 0,0074733     | -53,5 
 322 | 100000       | 0,0142321       | 0,0054208     | 0,0088113     | -61,9 
 323 | 100000       | 0,0139771       | 0,0053536     | 0,0086235     | -61,7 
 324 | 100000       | 0,0142075       | 0,0057239     | 0,0084836     | -59,7 
 325 | 100000       | 0,0140094       | 0,0056009     | 0,0084085     | -60,0 
 326 | 100000       | 0,0132446       | 0,0056131     | 0,0076315     | -57,6 
 327 | 100000       | 0,0150419       | 0,0063900     | 0,0086519     | -57,5 
 328 | 100000       | 0,0140176       | 0,0061201     | 0,0078975     | -56,3 
 329 | 100000       | 0,0139399       | 0,0058536     | 0,0080863     | -58,0 
 330 | 100000       | 0,0143160       | 0,0063285     | 0,0079875     | -55,8 
 331 | 100000       | 0,0139771       | 0,0052531     | 0,0087240     | -62,4 
 332 | 100000       | 0,0140483       | 0,0055976     | 0,0084507     | -60,2 
 333 | 100000       | 0,0142869       | 0,0057260     | 0,0085609     | -59,9 
 334 | 100000       | 0,0094426       | 0,0039488     | 0,0054938     | -58,2 
 335 | 100000       | 0,0141336       | 0,0059540     | 0,0081796     | -57,9 
 336 | 100000       | 0,0143567       | 0,0057349     | 0,0086218     | -60,1 
 337 | 100000       | 0,0140054       | 0,0052817     | 0,0087237     | -62,3 
 338 | 100000       | 0,0140551       | 0,0057052     | 0,0083499     | -59,4 
 339 | 100000       | 0,0140200       | 0,0055600     | 0,0084600     | -60,3 
 340 | 100000       | 0,0140557       | 0,0056926     | 0,0083631     | -59,5 
 341 | 100000       | 0,0143397       | 0,0059638     | 0,0083759     | -58,4 
 342 | 100000       | 0,0139752       | 0,0089977     | 0,0049775     | -35,6 
 343 | 100000       | 0,0139285       | 0,0054069     | 0,0085216     | -61,2 
 344 | 100000       | 0,0141223       | 0,0055016     | 0,0086207     | -61,0 
 345 | 100000       | 0,0140951       | 0,0055863     | 0,0085088     | -60,4 
 346 | 100000       | 0,0141518       | 0,0055062     | 0,0086456     | -61,1 
 347 | 100000       | 0,0140929       | 0,0055377     | 0,0085552     | -60,7 
 348 | 100000       | 0,0140942       | 0,0057796     | 0,0083146     | -59,0 
 349 | 100000       | 0,0139637       | 0,0056634     | 0,0083003     | -59,4 
 350 | 100000       | 0,0138561       | 0,0056810     | 0,0081751     | -59,0 
 351 | 100000       | 0,0108823       | 0,0041705     | 0,0067118     | -61,7 
 352 | 100000       | 0,0139877       | 0,0056459     | 0,0083418     | -59,6 
 353 | 100000       | 0,0142394       | 0,0068512     | 0,0073882     | -51,9 
 354 | 100000       | 0,0139472       | 0,0072304     | 0,0067168     | -48,2 
 355 | 100000       | 0,0141325       | 0,0055899     | 0,0085426     | -60,4 
 356 | 100000       | 0,0141195       | 0,0054193     | 0,0087002     | -61,6 
 357 | 100000       | 0,0139103       | 0,0053707     | 0,0085396     | -61,4 
 358 | 100000       | 0,0139050       | 0,0053643     | 0,0085407     | -61,4 
 359 | 100000       | 0,0078157       | 0,0032001     | 0,0046156     | -59,1 
 360 | 100000       | 0,0138842       | 0,0053146     | 0,0085696     | -61,7 
 361 | 100000       | 0,0141321       | 0,0058660     | 0,0082661     | -58,5 
 362 | 100000       | 0,0140171       | 0,0059319     | 0,0080852     | -57,7 
 363 | 100000       | 0,0143362       | 0,0054063     | 0,0089299     | -62,3 
 364 | 100000       | 0,0142386       | 0,0062458     | 0,0079928     | -56,1 
 365 | 100000       | 0,0141362       | 0,0068945     | 0,0072417     | -51,2 
 366 | 100000       | 0,0141147       | 0,0056911     | 0,0084236     | -59,7 
 367 | 100000       | 0,0141204       | 0,0057392     | 0,0083812     | -59,4 
 368 | 100000       | 0,0123622       | 0,0047473     | 0,0076149     | -61,6 
 369 | 100000       | 0,0140122       | 0,0055207     | 0,0084915     | -60,6 
 370 | 100000       | 0,0139475       | 0,0053604     | 0,0085871     | -61,6 
 371 | 100000       | 0,0139702       | 0,0056013     | 0,0083689     | -59,9 
 372 | 100000       | 0,0141143       | 0,0053993     | 0,0087150     | -61,7 
 373 | 100000       | 0,0139138       | 0,0054515     | 0,0084623     | -60,8 
 374 | 100000       | 0,0144091       | 0,0057899     | 0,0086192     | -59,8 
 375 | 100000       | 0,0139334       | 0,0058848     | 0,0080486     | -57,8 
 376 | 100000       | 0,0090140       | 0,0036986     | 0,0053154     | -59,0 
 377 | 100000       | 0,0139104       | 0,0058965     | 0,0080139     | -57,6 
 378 | 100000       | 0,0141427       | 0,0055816     | 0,0085611     | -60,5 
 379 | 100000       | 0,0139190       | 0,0056114     | 0,0083076     | -59,7 
 380 | 100000       | 0,0138959       | 0,0059122     | 0,0079837     | -57,5 
 381 | 100000       | 0,0142437       | 0,0056414     | 0,0086023     | -60,4 
 382 | 100000       | 0,0139524       | 0,0057612     | 0,0081912     | -58,7 
 383 | 100000       | 0,0138818       | 0,0074767     | 0,0064051     | -46,1 
 384 | 100000       | 0,0144059       | 0,0072137     | 0,0071922     | -49,9 
 385 | 100000       | 0,0144306       | 0,0071275     | 0,0073031     | -50,6 
 386 | 100000       | 0,0148378       | 0,0064397     | 0,0083981     | -56,6 
 387 | 100000       | 0,0143989       | 0,0057874     | 0,0086115     | -59,8 
 388 | 100000       | 0,0139034       | 0,0055074     | 0,0083960     | -60,4 
 389 | 100000       | 0,0143787       | 0,0054914     | 0,0088873     | -61,8 
 390 | 100000       | 0,0139764       | 0,0054419     | 0,0085345     | -61,1 
 391 | 100000       | 0,0139184       | 0,0055421     | 0,0083763     | -60,2 
 392 | 100000       | 0,0137507       | 0,0069205     | 0,0068302     | -49,7 
 393 | 100000       | 0,0140385       | 0,0054685     | 0,0085700     | -61,0 
 394 | 100000       | 0,0139365       | 0,0061248     | 0,0078117     | -56,1 
 395 | 100000       | 0,0125190       | 0,0050649     | 0,0074541     | -59,5 
 396 | 100000       | 0,0140145       | 0,0052203     | 0,0087942     | -62,8 
 397 | 100000       | 0,0138250       | 0,0053899     | 0,0084351     | -61,0 
 398 | 100000       | 0,0139959       | 0,0057809     | 0,0082150     | -58,7 
 399 | 100000       | 0,0140938       | 0,0053016     | 0,0087922     | -62,4 
 400 | 100000       | 0,0144333       | 0,0056704     | 0,0087629     | -60,7 
 401 | 1000000      | 0,1215194       | 0,0659473     | 0,0555721     | -45,7 
 402 | 1000000      | 0,1180943       | 0,0517304     | 0,0663639     | -56,2 
 403 | 1000000      | 0,1207458       | 0,0541272     | 0,0666186     | -55,2 
 404 | 1000000      | 0,1180157       | 0,0524407     | 0,0655750     | -55,6 
 405 | 1000000      | 0,1330694       | 0,0605420     | 0,0725274     | -54,5 
 406 | 1000000      | 0,1530387       | 0,0681998     | 0,0848389     | -55,4 
 407 | 1000000      | 0,1454739       | 0,0642766     | 0,0811973     | -55,8 
 408 | 1000000      | 0,1230333       | 0,0564933     | 0,0665400     | -54,1 
 409 | 1000000      | 0,0943631       | 0,0419290     | 0,0524341     | -55,6 
 410 | 1000000      | 0,1492662       | 0,0632515     | 0,0860147     | -57,6 
 411 | 1000000      | 0,1286570       | 0,0587561     | 0,0699009     | -54,3 
 412 | 1000000      | 0,0917718       | 0,0428838     | 0,0488880     | -53,3 
 413 | 1000000      | 0,1520234       | 0,0684739     | 0,0835495     | -55,0 
 414 | 1000000      | 0,1101686       | 0,0487323     | 0,0614363     | -55,8 
 415 | 1000000      | 0,1528130       | 0,0659597     | 0,0868533     | -56,8 
 416 | 1000000      | 0,1382499       | 0,0593346     | 0,0789153     | -57,1 
 417 | 1000000      | 0,1495027       | 0,0638874     | 0,0856153     | -57,3 
 418 | 1000000      | 0,1479531       | 0,0655025     | 0,0824506     | -55,7 
 419 | 1000000      | 0,1103443       | 0,0474906     | 0,0628537     | -57,0 
 420 | 1000000      | 0,1482774       | 0,0647351     | 0,0835423     | -56,3 
 421 | 1000000      | 0,1133970       | 0,0487290     | 0,0646680     | -57,0 
 422 | 1000000      | 0,1472024       | 0,0673265     | 0,0798759     | -54,3 
 423 | 1000000      | 0,1393342       | 0,0612363     | 0,0780979     | -56,1 
 424 | 1000000      | 0,1472613       | 0,0648160     | 0,0824453     | -56,0 
 425 | 1000000      | 0,1366727       | 0,0629737     | 0,0736990     | -53,9 
 426 | 1000000      | 0,0873660       | 0,0390840     | 0,0482820     | -55,3 
 427 | 1000000      | 0,1494960       | 0,0676020     | 0,0818940     | -54,8 
 428 | 1000000      | 0,1498769       | 0,0670547     | 0,0828222     | -55,3 
 429 | 1000000      | 0,1477225       | 0,0677450     | 0,0799775     | -54,1 
 430 | 1000000      | 0,0954099       | 0,0424800     | 0,0529299     | -55,5 
 431 | 1000000      | 0,1484568       | 0,0679961     | 0,0804607     | -54,2 
 432 | 1000000      | 0,1014792       | 0,0486997     | 0,0527795     | -52,0 
 433 | 1000000      | 0,1546794       | 0,0702885     | 0,0843909     | -54,6 
 434 | 1000000      | 0,1071669       | 0,0471041     | 0,0600628     | -56,0 
 435 | 1000000      | 0,1499088       | 0,0661880     | 0,0837208     | -55,8 
 436 | 1000000      | 0,1087936       | 0,0476114     | 0,0611822     | -56,2 
 437 | 1000000      | 0,1482626       | 0,0659620     | 0,0823006     | -55,5 
 438 | 1000000      | 0,1188295       | 0,0518579     | 0,0669716     | -56,4 
 439 | 1000000      | 0,1487248       | 0,0679008     | 0,0808240     | -54,3 
 440 | 1000000      | 0,1182751       | 0,0534897     | 0,0647854     | -54,8 
 441 | 1000000      | 0,1484723       | 0,0678443     | 0,0806280     | -54,3 
 442 | 1000000      | 0,4229580       | 0,0618467     | 0,3611113     | -85,4 
 443 | 1000000      | 0,1532215       | 0,0659089     | 0,0873126     | -57,0 
 444 | 1000000      | 0,1033476       | 0,0457180     | 0,0576296     | -55,8 
 445 | 1000000      | 0,1505163       | 0,0668282     | 0,0836881     | -55,6 
 446 | 1000000      | 0,1443361       | 0,0629964     | 0,0813397     | -56,4 
 447 | 1000000      | 0,1518986       | 0,0698296     | 0,0820690     | -54,0 
 448 | 1000000      | 0,1244937       | 0,0536759     | 0,0708178     | -56,9 
 449 | 1000000      | 0,0992951       | 0,0440622     | 0,0552329     | -55,6 
 450 | 1000000      | 0,1496325       | 0,0635215     | 0,0861110     | -57,5 
 451 | 1000000      | 0,1499245       | 0,0649618     | 0,0849627     | -56,7 
 452 | 1000000      | 0,0857503       | 0,0389500     | 0,0468003     | -54,6 
 453 | 1000000      | 0,1647958       | 0,0719083     | 0,0928875     | -56,4 
 454 | 1000000      | 0,1537493       | 0,0713926     | 0,0823567     | -53,6 
 455 | 1000000      | 0,1178184       | 0,2406097     | -0,1227913    | 104,2 
 456 | 1000000      | 0,1507549       | 0,0683650     | 0,0823899     | -54,7 
 457 | 1000000      | 0,1523801       | 0,0671726     | 0,0852075     | -55,9 
 458 | 1000000      | 0,0971479       | 0,0433846     | 0,0537633     | -55,3 
 459 | 1000000      | 0,1316260       | 0,0583896     | 0,0732364     | -55,6 
 460 | 1000000      | 0,1504496       | 0,0690051     | 0,0814445     | -54,1 
 461 | 1000000      | 0,1492815       | 0,0670292     | 0,0822523     | -55,1 
 462 | 1000000      | 0,1062895       | 0,0461422     | 0,0601473     | -56,6 
 463 | 1000000      | 0,1456996       | 0,0641394     | 0,0815602     | -56,0 
 464 | 1000000      | 0,1461435       | 0,0635177     | 0,0826258     | -56,5 
 465 | 1000000      | 0,0981655       | 0,0426637     | 0,0555018     | -56,5 
 466 | 1000000      | 0,1170520       | 0,0499468     | 0,0671052     | -57,3 
 467 | 1000000      | 0,1501116       | 0,0704411     | 0,0796705     | -53,1 
 468 | 1000000      | 0,1459627       | 0,0624829     | 0,0834798     | -57,2 
 469 | 1000000      | 0,1060671       | 0,0444337     | 0,0616334     | -58,1 
 470 | 1000000      | 0,1241022       | 0,0540833     | 0,0700189     | -56,4 
 471 | 1000000      | 0,1484077       | 0,0666550     | 0,0817527     | -55,1 
 472 | 1000000      | 0,1493814       | 0,0658749     | 0,0835065     | -55,9 
 473 | 1000000      | 0,1105243       | 0,0475431     | 0,0629812     | -57,0 
 474 | 1000000      | 0,1485997       | 0,0680362     | 0,0805635     | -54,2 
 475 | 1000000      | 0,1461183       | 0,0645908     | 0,0815275     | -55,8 
 476 | 1000000      | 0,1467404       | 0,0653497     | 0,0813907     | -55,5 
 477 | 1000000      | 0,3503817       | 0,0400806     | 0,3103011     | -88,6 
 478 | 1000000      | 0,1587631       | 0,0825588     | 0,0762043     | -48,0 
 479 | 1000000      | 0,1499626       | 0,0688011     | 0,0811615     | -54,1 
 480 | 1000000      | 0,1531786       | 0,0673955     | 0,0857831     | -56,0 
 481 | 1000000      | 0,1234735       | 0,0552907     | 0,0681828     | -55,2 
 482 | 1000000      | 0,0828063       | 0,0345672     | 0,0482391     | -58,3 
 483 | 1000000      | 0,1479071       | 0,0637423     | 0,0841648     | -56,9 
 484 | 1000000      | 0,0827888       | 0,0364179     | 0,0463709     | -56,0 
 485 | 1000000      | 0,1474220       | 0,0640724     | 0,0833496     | -56,5 
 486 | 1000000      | 0,1088494       | 0,0492183     | 0,0596311     | -54,8 
 487 | 1000000      | 0,1499445       | 0,0683776     | 0,0815669     | -54,4 
 488 | 1000000      | 0,1540365       | 0,2857920     | -0,1317555    | 85,5 
 489 | 1000000      | 0,1474230       | 0,0640630     | 0,0833600     | -56,5 
 490 | 1000000      | 0,1122936       | 0,0483304     | 0,0639632     | -57,0 
 491 | 1000000      | 0,1476838       | 0,0650948     | 0,0825890     | -55,9 
 492 | 1000000      | 0,1535209       | 0,0698493     | 0,0836716     | -54,5 
 493 | 1000000      | 0,0958829       | 0,0454907     | 0,0503922     | -52,6 
 494 | 1000000      | 0,1523793       | 0,0680389     | 0,0843404     | -55,3 
 495 | 1000000      | 0,1519533       | 0,0691229     | 0,0828304     | -54,5 
 496 | 1000000      | 0,1504758       | 0,0678928     | 0,0825830     | -54,9 
 497 | 1000000      | 0,1269869       | 0,0578753     | 0,0691116     | -54,4 
 498 | 1000000      | 0,1514444       | 0,0678367     | 0,0836077     | -55,2 
 499 | 1000000      | 0,1488734       | 0,0662577     | 0,0826157     | -55,5 
 500 | 1000000      | 0,0869540       | 0,0391979     | 0,0477561     | -54,9 
 501 | 10000000     | 0,9166346       | 0,5480011     | 0,3686335     | -40,2 
 502 | 10000000     | 0,9904362       | 0,4679525     | 0,5224837     | -52,8 
 503 | 10000000     | 1,0612068       | 0,4733689     | 0,5878379     | -55,4 
 504 | 10000000     | 1,0099561       | 0,4622707     | 0,5476854     | -54,2 
 505 | 10000000     | 0,9033036       | 0,4196476     | 0,4836560     | -53,5 
 506 | 10000000     | 0,9196680       | 0,4287020     | 0,4909660     | -53,4 
 507 | 10000000     | 1,1071404       | 0,4619706     | 0,6451698     | -58,3 
 508 | 10000000     | 0,8887730       | 0,4126273     | 0,4761457     | -53,6 
 509 | 10000000     | 0,8861931       | 0,4158820     | 0,4703111     | -53,1 
 510 | 10000000     | 0,9920651       | 0,7082192     | 0,2838459     | -28,6 
 511 | 10000000     | 0,9500072       | 0,4268430     | 0,5231642     | -55,1 
 512 | 10000000     | 1,0038888       | 0,4641215     | 0,5397673     | -53,8 
 513 | 10000000     | 1,2121761       | 0,5139459     | 0,6982302     | -57,6 
 514 | 10000000     | 0,9721502       | 0,4525708     | 0,5195794     | -53,4 
 515 | 10000000     | 1,0196156       | 0,4725172     | 0,5470984     | -53,7 
 516 | 10000000     | 1,2053845       | 0,5317278     | 0,6736567     | -55,9 
 517 | 10000000     | 0,8456721       | 0,5574548     | 0,2882173     | -34,1 
 518 | 10000000     | 0,8464547       | 0,6261649     | 0,2202898     | -26,0 
 519 | 10000000     | 0,9502471       | 0,4444070     | 0,5058401     | -53,2 
 520 | 10000000     | 0,8507589       | 0,4087169     | 0,4420420     | -52,0 
 521 | 10000000     | 1,0562240       | 0,4734815     | 0,5827425     | -55,2 
 522 | 10000000     | 0,9061422       | 0,4225938     | 0,4835484     | -53,4 
 523 | 10000000     | 1,1004197       | 0,4778834     | 0,6225363     | -56,6 
 524 | 10000000     | 1,2645707       | 0,4484718     | 0,8160989     | -64,5 
 525 | 10000000     | 0,9831066       | 0,4524357     | 0,5306709     | -54,0 
 526 | 10000000     | 1,0985911       | 0,4957131     | 0,6028780     | -54,9 
 527 | 10000000     | 1,3632105       | 0,5148908     | 0,8483197     | -62,2 
 528 | 10000000     | 0,8760238       | 0,4197490     | 0,4562748     | -52,1 
 529 | 10000000     | 0,8854515       | 0,5341713     | 0,3512802     | -39,7 
 530 | 10000000     | 0,8728198       | 0,3996586     | 0,4731612     | -54,2 
 531 | 10000000     | 1,0995638       | 0,4882121     | 0,6113517     | -55,6 
 532 | 10000000     | 1,2464164       | 0,7032627     | 0,5431537     | -43,6 
 533 | 10000000     | 0,9388741       | 0,5417099     | 0,3971642     | -42,3 
 534 | 10000000     | 0,9028792       | 0,6341464     | 0,2687328     | -29,8 
 535 | 10000000     | 0,9177004       | 0,4603632     | 0,4573372     | -49,8 
 536 | 10000000     | 0,8318584       | 0,4576888     | 0,3741696     | -45,0 
 537 | 10000000     | 0,8695522       | 0,5541694     | 0,3153828     | -36,3 
 538 | 10000000     | 0,9031577       | 0,6222914     | 0,2808663     | -31,1 
 539 | 10000000     | 1,0843601       | 0,4882927     | 0,5960674     | -55,0 
 540 | 10000000     | 1,1349237       | 0,7148856     | 0,4200381     | -37,0 
 541 | 10000000     | 1,1207065       | 0,9531412     | 0,1675653     | -15,0 
 542 | 10000000     | 1,0883902       | 0,4790080     | 0,6093822     | -56,0 
 543 | 10000000     | 1,0954762       | 0,4854255     | 0,6100507     | -55,7 
 544 | 10000000     | 1,4273142       | 0,7118486     | 0,7154656     | -50,1 
 545 | 10000000     | 0,8783659       | 0,6488478     | 0,2295181     | -26,1 
 546 | 10000000     | 0,8719177       | 0,4063419     | 0,4655758     | -53,4 
 547 | 10000000     | 0,8590392       | 0,4202525     | 0,4387867     | -51,1 
 548 | 10000000     | 1,0888126       | 0,9449433     | 0,1438693     | -13,2 
 549 | 10000000     | 0,9217006       | 0,4290961     | 0,4926045     | -53,4 
 550 | 10000000     | 1,0040982       | 0,7712750     | 0,2328232     | -23,2 
 551 | 10000000     | 0,8457968       | 0,3930142     | 0,4527826     | -53,5 
 552 | 10000000     | 0,8535487       | 0,4110925     | 0,4424562     | -51,8 
 553 | 10000000     | 1,2163951       | 0,7876567     | 0,4287384     | -35,2 
 554 | 10000000     | 0,9429751       | 0,4238807     | 0,5190944     | -55,0 
 555 | 10000000     | 1,1909233       | 0,5093678     | 0,6815555     | -57,2 
 556 | 10000000     | 0,8802891       | 0,4155429     | 0,4647462     | -52,8 
 557 | 10000000     | 0,9891854       | 0,4405313     | 0,5486541     | -55,5 
 558 | 10000000     | 1,1845857       | 0,5237518     | 0,6608339     | -55,8 
 559 | 10000000     | 0,8702583       | 0,4094877     | 0,4607706     | -52,9 
 560 | 10000000     | 0,9793851       | 0,4330705     | 0,5463146     | -55,8 
 561 | 10000000     | 1,1621526       | 0,8570416     | 0,3051110     | -26,3 
 562 | 10000000     | 1,3544654       | 0,4509935     | 0,9034719     | -66,7 
 563 | 10000000     | 0,9291005       | 0,5524292     | 0,3766713     | -40,5 
 564 | 10000000     | 0,9099218       | 0,5376792     | 0,3722426     | -40,9 
 565 | 10000000     | 0,9044802       | 0,4336833     | 0,4707969     | -52,1 
 566 | 10000000     | 0,8499200       | 0,4174331     | 0,4324869     | -50,9 
 567 | 10000000     | 0,9268018       | 0,6120645     | 0,3147373     | -34,0 
 568 | 10000000     | 1,0516940       | 0,5206806     | 0,5310134     | -50,5 
 569 | 10000000     | 1,0730428       | 0,4988187     | 0,5742241     | -53,5 
 570 | 10000000     | 0,9269723       | 0,6438564     | 0,2831159     | -30,5 
 571 | 10000000     | 0,9256408       | 0,6775901     | 0,2480507     | -26,8 
 572 | 10000000     | 0,9265028       | 0,6445943     | 0,2819085     | -30,4 
 573 | 10000000     | 0,9271652       | 0,6806713     | 0,2464939     | -26,6 
 574 | 10000000     | 0,9265971       | 0,6399507     | 0,2866464     | -30,9 
 575 | 10000000     | 0,9300037       | 0,6690441     | 0,2609596     | -28,1 
 576 | 10000000     | 0,9252829       | 0,6391811     | 0,2861018     | -30,9 
 577 | 10000000     | 0,9276021       | 0,6640462     | 0,2635559     | -28,4 
 578 | 10000000     | 0,9247278       | 0,6293810     | 0,2953468     | -31,9 
 579 | 10000000     | 0,9270491       | 0,6687163     | 0,2583328     | -27,9 
 580 | 10000000     | 0,9273714       | 0,6276879     | 0,2996835     | -32,3 
 581 | 10000000     | 0,9242110       | 0,6658633     | 0,2583477     | -28,0 
 582 | 10000000     | 0,9254673       | 0,6471465     | 0,2783208     | -30,1 
 583 | 10000000     | 0,9215676       | 0,6668084     | 0,2547592     | -27,6 
 584 | 10000000     | 0,9234646       | 0,6266131     | 0,2968515     | -32,1 
 585 | 10000000     | 0,9207859       | 0,6784683     | 0,2423176     | -26,3 
 586 | 10000000     | 0,9258472       | 0,6427202     | 0,2831270     | -30,6 
 587 | 10000000     | 0,9176363       | 0,6614975     | 0,2561388     | -27,9 
 588 | 10000000     | 0,9270123       | 0,6346855     | 0,2923268     | -31,5 
 589 | 10000000     | 1,2874678       | 0,4800153     | 0,8074525     | -62,7 
 590 | 10000000     | 0,9334044       | 0,7613034     | 0,1721010     | -18,4 
 591 | 10000000     | 0,9288438       | 0,6258849     | 0,3029589     | -32,6 
 592 | 10000000     | 0,9355996       | 0,6813254     | 0,2542742     | -27,2 
 593 | 10000000     | 1,3750615       | 0,5131662     | 0,8618953     | -62,7 
 594 | 10000000     | 0,9275807       | 0,6408330     | 0,2867477     | -30,9 
 595 | 10000000     | 0,9520868       | 0,4358857     | 0,5162011     | -54,2 
 596 | 10000000     | 0,8785481       | 0,4131408     | 0,4654073     | -53,0 
 597 | 10000000     | 1,1421222       | 0,5084300     | 0,6336922     | -55,5 
 598 | 10000000     | 1,0763355       | 0,4847950     | 0,5915405     | -55,0 
 599 | 10000000     | 0,8779974       | 0,4158383     | 0,4621591     | -52,6 
 600 | 10000000     | 1,1499141       | 0,4947918     | 0,6551223     | -57,0 

Для выборки размером: 100
	- всего тестов: 100
	- успешных случаев: 1
	- % успешных тестов: 1,0%
	- среднее время последовательного теста: 0,0001957
	- среднее время параллельного теста: 0,0006653
	- рост производительности для успешных случаев в среднем на: 45,0%
Для выборки размером: 1000
	- всего тестов: 100
	- успешных случаев: 2
	- % успешных тестов: 2,0%
	- среднее время последовательного теста: 0,0001925
	- среднее время параллельного теста: 0,0008114
	- рост производительности для успешных случаев в среднем на: 29,1%
Для выборки размером: 10000
	- всего тестов: 100
	- успешных случаев: 76
	- % успешных тестов: 76,0%
	- среднее время последовательного теста: 0,0019894
	- среднее время параллельного теста: 0,0014728
	- рост производительности для успешных случаев в среднем на: 21,8%
Для выборки размером: 100000
	- всего тестов: 100
	- успешных случаев: 100
	- % успешных тестов: 100,0%
	- среднее время последовательного теста: 0,0134877
	- среднее время параллельного теста: 0,0058245
	- рост производительности для успешных случаев в среднем на: 56,8%
Для выборки размером: 1000000
	- всего тестов: 100
	- успешных случаев: 98
	- % успешных тестов: 98,0%
	- среднее время последовательного теста: 0,1380130
	- среднее время параллельного теста: 0,0632550
	- рост производительности для успешных случаев в среднем на: 56,0%
Для выборки размером: 10000000
	- всего тестов: 100
	- успешных случаев: 100
	- % успешных тестов: 100,0%
	- среднее время последовательного теста: 0,9938419
	- среднее время параллельного теста: 0,5474351
	- рост производительности для успешных случаев в среднем на: 44,3%

Сто тестов всех видов выборок, выборки сгенерированы заранее
 №   | выборка, чел | последовательно | параллельно   | разность, сек | %
------------------------------------------------------------------------------
 1   | 100          | 0,0074821       | 0,0120405     | -0,0045584    | 60,9 
 2   | 100          | 0,0001620       | 0,0012171     | -0,0010551    | 651,3 
 3   | 100          | 0,0001426       | 0,0011248     | -0,0009822    | 688,8 
 4   | 100          | 0,0001597       | 0,0011070     | -0,0009473    | 593,2 
 5   | 100          | 0,0001347       | 0,0013560     | -0,0012213    | 906,7 
 6   | 100          | 0,0001443       | 0,0011613     | -0,0010170    | 704,8 
 7   | 100          | 0,0000950       | 0,0010709     | -0,0009759    | 1027,3 
 8   | 100          | 0,0001127       | 0,0015815     | -0,0014688    | 1303,3 
 9   | 100          | 0,0001092       | 0,0009982     | -0,0008890    | 814,1 
 10  | 100          | 0,0001018       | 0,0010157     | -0,0009139    | 897,7 
 11  | 100          | 0,0001066       | 0,0008723     | -0,0007657    | 718,3 
 12  | 100          | 0,0000918       | 0,0007515     | -0,0006597    | 718,6 
 13  | 100          | 0,0000743       | 0,0009617     | -0,0008874    | 1194,3 
 14  | 100          | 0,0000851       | 0,0017537     | -0,0016686    | 1960,8 
 15  | 100          | 0,0000889       | 0,0010648     | -0,0009759    | 1097,8 
 16  | 100          | 0,0000969       | 0,0007822     | -0,0006853    | 707,2 
 17  | 100          | 0,0000772       | 0,0009298     | -0,0008526    | 1104,4 
 18  | 100          | 0,0000659       | 0,0009529     | -0,0008870    | 1346,0 
 19  | 100          | 0,0000664       | 0,0008804     | -0,0008140    | 1225,9 
 20  | 100          | 0,0000660       | 0,0008594     | -0,0007934    | 1202,1 
 21  | 100          | 0,0000657       | 0,0007762     | -0,0007105    | 1081,4 
 22  | 100          | 0,0000638       | 0,0007489     | -0,0006851    | 1073,8 
 23  | 100          | 0,0000652       | 0,0007748     | -0,0007096    | 1088,3 
 24  | 100          | 0,0000631       | 0,0009863     | -0,0009232    | 1463,1 
 25  | 100          | 0,0000656       | 0,0011321     | -0,0010665    | 1625,8 
 26  | 100          | 0,0000620       | 0,0006121     | -0,0005501    | 887,3 
 27  | 100          | 0,0000720       | 0,0006062     | -0,0005342    | 741,9 
 28  | 100          | 0,0001086       | 0,0008558     | -0,0007472    | 688,0 
 29  | 100          | 0,0000590       | 0,0005599     | -0,0005009    | 849,0 
 30  | 100          | 0,0000550       | 0,0004986     | -0,0004436    | 806,5 
 31  | 100          | 0,0000592       | 0,0004092     | -0,0003500    | 591,2 
 32  | 100          | 0,0000633       | 0,0005344     | -0,0004711    | 744,2 
 33  | 100          | 0,0000552       | 0,0005229     | -0,0004677    | 847,3 
 34  | 100          | 0,0000564       | 0,0005488     | -0,0004924    | 873,0 
 35  | 100          | 0,0000678       | 0,0006847     | -0,0006169    | 909,9 
 36  | 100          | 0,0000633       | 0,0005147     | -0,0004514    | 713,1 
 37  | 100          | 0,0000622       | 0,0004959     | -0,0004337    | 697,3 
 38  | 100          | 0,0000866       | 0,0002428     | -0,0001562    | 180,4 
 39  | 100          | 0,0000549       | 0,0002024     | -0,0001475    | 268,7 
 40  | 100          | 0,0000535       | 0,0003367     | -0,0002832    | 529,3 
 41  | 100          | 0,0000625       | 0,0005512     | -0,0004887    | 781,9 
 42  | 100          | 0,0000574       | 0,0004855     | -0,0004281    | 745,8 
 43  | 100          | 0,0000749       | 0,0004806     | -0,0004057    | 541,7 
 44  | 100          | 0,0000541       | 0,0004830     | -0,0004289    | 792,8 
 45  | 100          | 0,0000518       | 0,0004137     | -0,0003619    | 698,6 
 46  | 100          | 0,0000530       | 0,0005383     | -0,0004853    | 915,7 
 47  | 100          | 0,0000739       | 0,0005227     | -0,0004488    | 607,3 
 48  | 100          | 0,0000664       | 0,0004549     | -0,0003885    | 585,1 
 49  | 100          | 0,0000510       | 0,0004657     | -0,0004147    | 813,1 
 50  | 100          | 0,0000605       | 0,0004657     | -0,0004052    | 669,8 
 51  | 100          | 0,0000520       | 0,0004079     | -0,0003559    | 684,4 
 52  | 100          | 0,0000785       | 0,0005365     | -0,0004580    | 583,4 
 53  | 100          | 0,0000496       | 0,0004641     | -0,0004145    | 835,7 
 54  | 100          | 0,0000500       | 0,0005306     | -0,0004806    | 961,2 
 55  | 100          | 0,0000547       | 0,0005144     | -0,0004597    | 840,4 
 56  | 100          | 0,0000497       | 0,0004628     | -0,0004131    | 831,2 
 57  | 100          | 0,0000504       | 0,0003386     | -0,0002882    | 571,8 
 58  | 100          | 0,0000456       | 0,0004074     | -0,0003618    | 793,4 
 59  | 100          | 0,0000472       | 0,0003242     | -0,0002770    | 586,9 
 60  | 100          | 0,0000459       | 0,0003440     | -0,0002981    | 649,5 
 61  | 100          | 0,0000518       | 0,0003953     | -0,0003435    | 663,1 
 62  | 100          | 0,0000493       | 0,0003512     | -0,0003019    | 612,4 
 63  | 100          | 0,0000609       | 0,0003621     | -0,0003012    | 494,6 
 64  | 100          | 0,0000490       | 0,0004062     | -0,0003572    | 729,0 
 65  | 100          | 0,0000463       | 0,0004506     | -0,0004043    | 873,2 
 66  | 100          | 0,0000676       | 0,0004346     | -0,0003670    | 542,9 
 67  | 100          | 0,0000502       | 0,0004011     | -0,0003509    | 699,0 
 68  | 100          | 0,0000434       | 0,0003975     | -0,0003541    | 815,9 
 69  | 100          | 0,0000419       | 0,0004279     | -0,0003860    | 921,2 
 70  | 100          | 0,0000473       | 0,0004006     | -0,0003533    | 746,9 
 71  | 100          | 0,0000452       | 0,0003599     | -0,0003147    | 696,2 
 72  | 100          | 0,0000418       | 0,0003667     | -0,0003249    | 777,3 
 73  | 100          | 0,0000460       | 0,0003178     | -0,0002718    | 590,9 
 74  | 100          | 0,0000481       | 0,0003546     | -0,0003065    | 637,2 
 75  | 100          | 0,0000431       | 0,0005622     | -0,0005191    | 1204,4 
 76  | 100          | 0,0000448       | 0,0004663     | -0,0004215    | 940,8 
 77  | 100          | 0,0000449       | 0,0004059     | -0,0003610    | 804,0 
 78  | 100          | 0,0000411       | 0,0003647     | -0,0003236    | 787,3 
 79  | 100          | 0,0000418       | 0,0003356     | -0,0002938    | 702,9 
 80  | 100          | 0,0000391       | 0,0003637     | -0,0003246    | 830,2 
 81  | 100          | 0,0000502       | 0,0003546     | -0,0003044    | 606,4 
 82  | 100          | 0,0000501       | 0,0003643     | -0,0003142    | 627,1 
 83  | 100          | 0,0000494       | 0,0003174     | -0,0002680    | 542,5 
 84  | 100          | 0,0000378       | 0,0003724     | -0,0003346    | 885,2 
 85  | 100          | 0,0000394       | 0,0003551     | -0,0003157    | 801,3 
 86  | 100          | 0,0000578       | 0,0003650     | -0,0003072    | 531,5 
 87  | 100          | 0,0000379       | 0,0003518     | -0,0003139    | 828,2 
 88  | 100          | 0,0000374       | 0,0003172     | -0,0002798    | 748,1 
 89  | 100          | 0,0000408       | 0,0003295     | -0,0002887    | 707,6 
 90  | 100          | 0,0000377       | 0,0004419     | -0,0004042    | 1072,1 
 91  | 100          | 0,0000466       | 0,0003199     | -0,0002733    | 586,5 
 92  | 100          | 0,0001078       | 0,0002751     | -0,0001673    | 155,2 
 93  | 100          | 0,0000405       | 0,0001132     | -0,0000727    | 179,5 
 94  | 100          | 0,0000359       | 0,0001276     | -0,0000917    | 255,4 
 95  | 100          | 0,0000544       | 0,0001334     | -0,0000790    | 145,2 
 96  | 100          | 0,0000587       | 0,0001366     | -0,0000779    | 132,7 
 97  | 100          | 0,0000543       | 0,0002187     | -0,0001644    | 302,8 
 98  | 100          | 0,0000333       | 0,0004118     | -0,0003785    | 1136,6 
 99  | 100          | 0,0000395       | 0,0001434     | -0,0001039    | 263,0 
 100 | 100          | 0,0000340       | 0,0003103     | -0,0002763    | 812,6 
 101 | 1000         | 0,0002596       | 0,0009381     | -0,0006785    | 261,4 
 102 | 1000         | 0,0002195       | 0,0006394     | -0,0004199    | 191,3 
 103 | 1000         | 0,0002693       | 0,0003352     | -0,0000659    | 24,5 
 104 | 1000         | 0,0002048       | 0,0003230     | -0,0001182    | 57,7 
 105 | 1000         | 0,0002032       | 0,0003015     | -0,0000983    | 48,4 
 106 | 1000         | 0,0001991       | 0,0002847     | -0,0000856    | 43,0 
 107 | 1000         | 0,0002053       | 0,0002796     | -0,0000743    | 36,2 
 108 | 1000         | 0,0002508       | 0,0002699     | -0,0000191    |  7,6 
 109 | 1000         | 0,0002920       | 0,0005124     | -0,0002204    | 75,5 
 110 | 1000         | 0,0002013       | 0,0002662     | -0,0000649    | 32,2 
 111 | 1000         | 0,0001992       | 0,0002663     | -0,0000671    | 33,7 
 112 | 1000         | 0,0001923       | 0,0002556     | -0,0000633    | 32,9 
 113 | 1000         | 0,0001855       | 0,0002363     | -0,0000508    | 27,4 
 114 | 1000         | 0,0001819       | 0,0002620     | -0,0000801    | 44,0 
 115 | 1000         | 0,0001798       | 0,0002635     | -0,0000837    | 46,6 
 116 | 1000         | 0,0001785       | 0,0002390     | -0,0000605    | 33,9 
 117 | 1000         | 0,0001851       | 0,0002438     | -0,0000587    | 31,7 
 118 | 1000         | 0,0001766       | 0,0002357     | -0,0000591    | 33,5 
 119 | 1000         | 0,0001782       | 0,0002395     | -0,0000613    | 34,4 
 120 | 1000         | 0,0001924       | 0,0002314     | -0,0000390    | 20,3 
 121 | 1000         | 0,0002598       | 0,0004038     | -0,0001440    | 55,4 
 122 | 1000         | 0,0001987       | 0,0002366     | -0,0000379    | 19,1 
 123 | 1000         | 0,0001793       | 0,0002333     | -0,0000540    | 30,1 
 124 | 1000         | 0,0001806       | 0,0002436     | -0,0000630    | 34,9 
 125 | 1000         | 0,0001863       | 0,0002447     | -0,0000584    | 31,3 
 126 | 1000         | 0,0001874       | 0,0002462     | -0,0000588    | 31,4 
 127 | 1000         | 0,0001858       | 0,0002498     | -0,0000640    | 34,4 
 128 | 1000         | 0,0001815       | 0,0002964     | -0,0001149    | 63,3 
 129 | 1000         | 0,0001757       | 0,0002265     | -0,0000508    | 28,9 
 130 | 1000         | 0,0001743       | 0,0012519     | -0,0010776    | 618,2 
 131 | 1000         | 0,0001778       | 0,0013008     | -0,0011230    | 631,6 
 132 | 1000         | 0,0001820       | 0,0012628     | -0,0010808    | 593,8 
 133 | 1000         | 0,0001814       | 0,0006321     | -0,0004507    | 248,5 
 134 | 1000         | 0,0001719       | 0,0009955     | -0,0008236    | 479,1 
 135 | 1000         | 0,0001714       | 0,0009666     | -0,0007952    | 463,9 
 136 | 1000         | 0,0001837       | 0,0008127     | -0,0006290    | 342,4 
 137 | 1000         | 0,0001725       | 0,0011908     | -0,0010183    | 590,3 
 138 | 1000         | 0,0002228       | 0,0003035     | -0,0000807    | 36,2 
 139 | 1000         | 0,0001635       | 0,0002463     | -0,0000828    | 50,6 
 140 | 1000         | 0,0001743       | 0,0002256     | -0,0000513    | 29,4 
 141 | 1000         | 0,0001528       | 0,0001916     | -0,0000388    | 25,4 
 142 | 1000         | 0,0001334       | 0,0001852     | -0,0000518    | 38,8 
 143 | 1000         | 0,0001333       | 0,0001990     | -0,0000657    | 49,3 
 144 | 1000         | 0,0001371       | 0,0001922     | -0,0000551    | 40,2 
 145 | 1000         | 0,0001324       | 0,0001879     | -0,0000555    | 41,9 
 146 | 1000         | 0,0001309       | 0,0001852     | -0,0000543    | 41,5 
 147 | 1000         | 0,0002269       | 0,0002239     | 0,0000030     | -1,3 
 148 | 1000         | 0,0001375       | 0,0001908     | -0,0000533    | 38,8 
 149 | 1000         | 0,0001314       | 0,0001897     | -0,0000583    | 44,4 
 150 | 1000         | 0,0001515       | 0,0001872     | -0,0000357    | 23,6 
 151 | 1000         | 0,0001556       | 0,0005233     | -0,0003677    | 236,3 
 152 | 1000         | 0,0001520       | 0,0004418     | -0,0002898    | 190,7 
 153 | 1000         | 0,0001339       | 0,0004088     | -0,0002749    | 205,3 
 154 | 1000         | 0,0001362       | 0,0003969     | -0,0002607    | 191,4 
 155 | 1000         | 0,0001342       | 0,0002200     | -0,0000858    | 63,9 
 156 | 1000         | 0,0001388       | 0,0001917     | -0,0000529    | 38,1 
 157 | 1000         | 0,0001323       | 0,0001879     | -0,0000556    | 42,0 
 158 | 1000         | 0,0001340       | 0,0001955     | -0,0000615    | 45,9 
 159 | 1000         | 0,0001323       | 0,0001886     | -0,0000563    | 42,6 
 160 | 1000         | 0,0001356       | 0,0001965     | -0,0000609    | 44,9 
 161 | 1000         | 0,0001317       | 0,0001915     | -0,0000598    | 45,4 
 162 | 1000         | 0,0001500       | 0,0001994     | -0,0000494    | 32,9 
 163 | 1000         | 0,0001329       | 0,0001846     | -0,0000517    | 38,9 
 164 | 1000         | 0,0001386       | 0,0001861     | -0,0000475    | 34,3 
 165 | 1000         | 0,0001383       | 0,0001855     | -0,0000472    | 34,1 
 166 | 1000         | 0,0001263       | 0,0001951     | -0,0000688    | 54,5 
 167 | 1000         | 0,0001303       | 0,0001828     | -0,0000525    | 40,3 
 168 | 1000         | 0,0001324       | 0,0002465     | -0,0001141    | 86,2 
 169 | 1000         | 0,0001376       | 0,0001963     | -0,0000587    | 42,7 
 170 | 1000         | 0,0001279       | 0,0001858     | -0,0000579    | 45,3 
 171 | 1000         | 0,0001335       | 0,0001847     | -0,0000512    | 38,4 
 172 | 1000         | 0,0001577       | 0,0002060     | -0,0000483    | 30,6 
 173 | 1000         | 0,0001295       | 0,0004287     | -0,0002992    | 231,0 
 174 | 1000         | 0,0001466       | 0,0002136     | -0,0000670    | 45,7 
 175 | 1000         | 0,0001309       | 0,0003502     | -0,0002193    | 167,5 
 176 | 1000         | 0,0001357       | 0,0003985     | -0,0002628    | 193,7 
 177 | 1000         | 0,0001285       | 0,0003982     | -0,0002697    | 209,9 
 178 | 1000         | 0,0001339       | 0,0002118     | -0,0000779    | 58,2 
 179 | 1000         | 0,0001313       | 0,0001860     | -0,0000547    | 41,7 
 180 | 1000         | 0,0001975       | 0,0002245     | -0,0000270    | 13,7 
 181 | 1000         | 0,0001345       | 0,0004037     | -0,0002692    | 200,1 
 182 | 1000         | 0,0001354       | 0,0003990     | -0,0002636    | 194,7 
 183 | 1000         | 0,0001305       | 0,0002944     | -0,0001639    | 125,6 
 184 | 1000         | 0,0001334       | 0,0003941     | -0,0002607    | 195,4 
 185 | 1000         | 0,0001297       | 0,0003830     | -0,0002533    | 195,3 
 186 | 1000         | 0,0001272       | 0,0005163     | -0,0003891    | 305,9 
 187 | 1000         | 0,0001304       | 0,0005467     | -0,0004163    | 319,2 
 188 | 1000         | 0,0001335       | 0,0005724     | -0,0004389    | 328,8 
 189 | 1000         | 0,0001302       | 0,0005647     | -0,0004345    | 333,7 
 190 | 1000         | 0,0001341       | 0,0006572     | -0,0005231    | 390,1 
 191 | 1000         | 0,0001333       | 0,0004875     | -0,0003542    | 265,7 
 192 | 1000         | 0,0001258       | 0,0002347     | -0,0001089    | 86,6 
 193 | 1000         | 0,0001350       | 0,0001809     | -0,0000459    | 34,0 
 194 | 1000         | 0,0001202       | 0,0001815     | -0,0000613    | 51,0 
 195 | 1000         | 0,0001230       | 0,0001754     | -0,0000524    | 42,6 
 196 | 1000         | 0,0001211       | 0,0001837     | -0,0000626    | 51,7 
 197 | 1000         | 0,0001201       | 0,0001769     | -0,0000568    | 47,3 
 198 | 1000         | 0,0001206       | 0,0001746     | -0,0000540    | 44,8 
 199 | 1000         | 0,0001183       | 0,0001746     | -0,0000563    | 47,6 
 200 | 1000         | 0,0001221       | 0,0001702     | -0,0000481    | 39,4 
 201 | 10000        | 0,0011863       | 0,0011800     | 0,0000063     | -0,5 
 202 | 10000        | 0,0011838       | 0,0012275     | -0,0000437    |  3,7 
 203 | 10000        | 0,0010466       | 0,0011957     | -0,0001491    | 14,2 
 204 | 10000        | 0,0009764       | 0,0011749     | -0,0001985    | 20,3 
 205 | 10000        | 0,0009851       | 0,0012578     | -0,0002727    | 27,7 
 206 | 10000        | 0,0009764       | 0,0012507     | -0,0002743    | 28,1 
 207 | 10000        | 0,0009818       | 0,0012055     | -0,0002237    | 22,8 
 208 | 10000        | 0,0011226       | 0,0012924     | -0,0001698    | 15,1 
 209 | 10000        | 0,0009672       | 0,0012373     | -0,0002701    | 27,9 
 210 | 10000        | 0,0010060       | 0,0011963     | -0,0001903    | 18,9 
 211 | 10000        | 0,0010909       | 0,0013484     | -0,0002575    | 23,6 
 212 | 10000        | 0,0010219       | 0,0012562     | -0,0002343    | 22,9 
 213 | 10000        | 0,0010201       | 0,0012121     | -0,0001920    | 18,8 
 214 | 10000        | 0,0010001       | 0,0013241     | -0,0003240    | 32,4 
 215 | 10000        | 0,0010013       | 0,0011809     | -0,0001796    | 17,9 
 216 | 10000        | 0,0009702       | 0,0012043     | -0,0002341    | 24,1 
 217 | 10000        | 0,0010056       | 0,0012391     | -0,0002335    | 23,2 
 218 | 10000        | 0,0010102       | 0,0012169     | -0,0002067    | 20,5 
 219 | 10000        | 0,0009999       | 0,0011916     | -0,0001917    | 19,2 
 220 | 10000        | 0,0010070       | 0,0012112     | -0,0002042    | 20,3 
 221 | 10000        | 0,0010873       | 0,0013861     | -0,0002988    | 27,5 
 222 | 10000        | 0,0010128       | 0,0011656     | -0,0001528    | 15,1 
 223 | 10000        | 0,0013142       | 0,0014341     | -0,0001199    |  9,1 
 224 | 10000        | 0,0011316       | 0,0013367     | -0,0002051    | 18,1 
 225 | 10000        | 0,0011254       | 0,0013772     | -0,0002518    | 22,4 
 226 | 10000        | 0,0011715       | 0,0014966     | -0,0003251    | 27,8 
 227 | 10000        | 0,0012295       | 0,0013893     | -0,0001598    | 13,0 
 228 | 10000        | 0,0011986       | 0,0013423     | -0,0001437    | 12,0 
 229 | 10000        | 0,0010951       | 0,0013525     | -0,0002574    | 23,5 
 230 | 10000        | 0,0012227       | 0,0013645     | -0,0001418    | 11,6 
 231 | 10000        | 0,0011228       | 0,0013277     | -0,0002049    | 18,2 
 232 | 10000        | 0,0013082       | 0,0013388     | -0,0000306    |  2,3 
 233 | 10000        | 0,0011642       | 0,0013477     | -0,0001835    | 15,8 
 234 | 10000        | 0,0011402       | 0,0013615     | -0,0002213    | 19,4 
 235 | 10000        | 0,0014876       | 0,0015072     | -0,0000196    |  1,3 
 236 | 10000        | 0,0012453       | 0,0014347     | -0,0001894    | 15,2 
 237 | 10000        | 0,0012306       | 0,0014412     | -0,0002106    | 17,1 
 238 | 10000        | 0,0012882       | 0,0016217     | -0,0003335    | 25,9 
 239 | 10000        | 0,0012961       | 0,0016119     | -0,0003158    | 24,4 
 240 | 10000        | 0,0012638       | 0,0015159     | -0,0002521    | 19,9 
 241 | 10000        | 0,0012439       | 0,0015318     | -0,0002879    | 23,1 
 242 | 10000        | 0,0012416       | 0,0013960     | -0,0001544    | 12,4 
 243 | 10000        | 0,0012292       | 0,0015180     | -0,0002888    | 23,5 
 244 | 10000        | 0,0012398       | 0,0014106     | -0,0001708    | 13,8 
 245 | 10000        | 0,0012919       | 0,0014687     | -0,0001768    | 13,7 
 246 | 10000        | 0,0012455       | 0,0015166     | -0,0002711    | 21,8 
 247 | 10000        | 0,0012354       | 0,0014803     | -0,0002449    | 19,8 
 248 | 10000        | 0,0012369       | 0,0015293     | -0,0002924    | 23,6 
 249 | 10000        | 0,0013407       | 0,0015379     | -0,0001972    | 14,7 
 250 | 10000        | 0,0013420       | 0,0016190     | -0,0002770    | 20,6 
 251 | 10000        | 0,0012508       | 0,0015790     | -0,0003282    | 26,2 
 252 | 10000        | 0,0012861       | 0,0016101     | -0,0003240    | 25,2 
 253 | 10000        | 0,0012806       | 0,0015537     | -0,0002731    | 21,3 
 254 | 10000        | 0,0013204       | 0,0014496     | -0,0001292    |  9,8 
 255 | 10000        | 0,0013641       | 0,0014066     | -0,0000425    |  3,1 
 256 | 10000        | 0,0012860       | 0,0013812     | -0,0000952    |  7,4 
 257 | 10000        | 0,0013167       | 0,0014980     | -0,0001813    | 13,8 
 258 | 10000        | 0,0012795       | 0,0014327     | -0,0001532    | 12,0 
 259 | 10000        | 0,0012306       | 0,0014526     | -0,0002220    | 18,0 
 260 | 10000        | 0,0012574       | 0,0015418     | -0,0002844    | 22,6 
 261 | 10000        | 0,0012781       | 0,0017495     | -0,0004714    | 36,9 
 262 | 10000        | 0,0012354       | 0,0016297     | -0,0003943    | 31,9 
 263 | 10000        | 0,0012416       | 0,0018472     | -0,0006056    | 48,8 
 264 | 10000        | 0,0012307       | 0,0014864     | -0,0002557    | 20,8 
 265 | 10000        | 0,0012381       | 0,0017474     | -0,0005093    | 41,1 
 266 | 10000        | 0,0012670       | 0,0015589     | -0,0002919    | 23,0 
 267 | 10000        | 0,0012322       | 0,0014628     | -0,0002306    | 18,7 
 268 | 10000        | 0,0012302       | 0,0015156     | -0,0002854    | 23,2 
 269 | 10000        | 0,0012427       | 0,0013472     | -0,0001045    |  8,4 
 270 | 10000        | 0,0013429       | 0,0014452     | -0,0001023    |  7,6 
 271 | 10000        | 0,0013906       | 0,0014552     | -0,0000646    |  4,6 
 272 | 10000        | 0,0012166       | 0,0014614     | -0,0002448    | 20,1 
 273 | 10000        | 0,0012268       | 0,0015100     | -0,0002832    | 23,1 
 274 | 10000        | 0,0012226       | 0,0015165     | -0,0002939    | 24,0 
 275 | 10000        | 0,0012370       | 0,0014719     | -0,0002349    | 19,0 
 276 | 10000        | 0,0012355       | 0,0014539     | -0,0002184    | 17,7 
 277 | 10000        | 0,0012309       | 0,0014526     | -0,0002217    | 18,0 
 278 | 10000        | 0,0012880       | 0,0015315     | -0,0002435    | 18,9 
 279 | 10000        | 0,0012438       | 0,0015525     | -0,0003087    | 24,8 
 280 | 10000        | 0,0013059       | 0,0014531     | -0,0001472    | 11,3 
 281 | 10000        | 0,0012318       | 0,0015049     | -0,0002731    | 22,2 
 282 | 10000        | 0,0011861       | 0,0014349     | -0,0002488    | 21,0 
 283 | 10000        | 0,0013609       | 0,0014637     | -0,0001028    |  7,6 
 284 | 10000        | 0,0013521       | 0,0015583     | -0,0002062    | 15,3 
 285 | 10000        | 0,0012096       | 0,0014019     | -0,0001923    | 15,9 
 286 | 10000        | 0,0011993       | 0,0013929     | -0,0001936    | 16,1 
 287 | 10000        | 0,0011872       | 0,0014085     | -0,0002213    | 18,6 
 288 | 10000        | 0,0011913       | 0,0013612     | -0,0001699    | 14,3 
 289 | 10000        | 0,0012715       | 0,0014109     | -0,0001394    | 11,0 
 290 | 10000        | 0,0011870       | 0,0014717     | -0,0002847    | 24,0 
 291 | 10000        | 0,0012998       | 0,0014391     | -0,0001393    | 10,7 
 292 | 10000        | 0,0012113       | 0,0014596     | -0,0002483    | 20,5 
 293 | 10000        | 0,0011983       | 0,0015118     | -0,0003135    | 26,2 
 294 | 10000        | 0,0011960       | 0,0015458     | -0,0003498    | 29,2 
 295 | 10000        | 0,0012186       | 0,0013607     | -0,0001421    | 11,7 
 296 | 10000        | 0,0012070       | 0,0015398     | -0,0003328    | 27,6 
 297 | 10000        | 0,0012076       | 0,0014938     | -0,0002862    | 23,7 
 298 | 10000        | 0,0010813       | 0,0013740     | -0,0002927    | 27,1 
 299 | 10000        | 0,0010745       | 0,0012976     | -0,0002231    | 20,8 
 300 | 10000        | 0,0011688       | 0,0011589     | 0,0000099     | -0,8 
 301 | 100000       | 0,0120295       | 0,0133268     | -0,0012973    | 10,8 
 302 | 100000       | 0,0114954       | 0,0128007     | -0,0013053    | 11,4 
 303 | 100000       | 0,0113584       | 0,0111164     | 0,0002420     | -2,1 
 304 | 100000       | 0,0122640       | 0,0136902     | -0,0014262    | 11,6 
 305 | 100000       | 0,0111689       | 0,0120804     | -0,0009115    |  8,2 
 306 | 100000       | 0,0108155       | 0,0115646     | -0,0007491    |  6,9 
 307 | 100000       | 0,0110177       | 0,0111181     | -0,0001004    |  0,9 
 308 | 100000       | 0,0111015       | 0,0113523     | -0,0002508    |  2,3 
 309 | 100000       | 0,0134328       | 0,0124502     | 0,0009826     | -7,3 
 310 | 100000       | 0,0089917       | 0,0077299     | 0,0012618     | -14,0 
 311 | 100000       | 0,0090781       | 0,0065675     | 0,0025106     | -27,7 
 312 | 100000       | 0,0090499       | 0,0064685     | 0,0025814     | -28,5 
 313 | 100000       | 0,0086225       | 0,0051765     | 0,0034460     | -40,0 
 314 | 100000       | 0,0088676       | 0,0040905     | 0,0047771     | -53,9 
 315 | 100000       | 0,0083605       | 0,0035057     | 0,0048548     | -58,1 
 316 | 100000       | 0,0084515       | 0,0028636     | 0,0055879     | -66,1 
 317 | 100000       | 0,0078181       | 0,0035168     | 0,0043013     | -55,0 
 318 | 100000       | 0,0080442       | 0,0028279     | 0,0052163     | -64,8 
 319 | 100000       | 0,0080520       | 0,0030847     | 0,0049673     | -61,7 
 320 | 100000       | 0,0079322       | 0,0031326     | 0,0047996     | -60,5 
 321 | 100000       | 0,0082153       | 0,0045018     | 0,0037135     | -45,2 
 322 | 100000       | 0,0084347       | 0,0047887     | 0,0036460     | -43,2 
 323 | 100000       | 0,0087285       | 0,0046541     | 0,0040744     | -46,7 
 324 | 100000       | 0,0082235       | 0,0043082     | 0,0039153     | -47,6 
 325 | 100000       | 0,0086994       | 0,0043439     | 0,0043555     | -50,1 
 326 | 100000       | 0,0081865       | 0,0049610     | 0,0032255     | -39,4 
 327 | 100000       | 0,0090773       | 0,0048700     | 0,0042073     | -46,3 
 328 | 100000       | 0,0098342       | 0,0052914     | 0,0045428     | -46,2 
 329 | 100000       | 0,0099609       | 0,0065764     | 0,0033845     | -34,0 
 330 | 100000       | 0,0091408       | 0,0054339     | 0,0037069     | -40,6 
 331 | 100000       | 0,0108635       | 0,0063116     | 0,0045519     | -41,9 
 332 | 100000       | 0,0100812       | 0,0063738     | 0,0037074     | -36,8 
 333 | 100000       | 0,0104671       | 0,0062697     | 0,0041974     | -40,1 
 334 | 100000       | 0,0104652       | 0,0064268     | 0,0040384     | -38,6 
 335 | 100000       | 0,0100375       | 0,0066855     | 0,0033520     | -33,4 
 336 | 100000       | 0,0104081       | 0,0060956     | 0,0043125     | -41,4 
 337 | 100000       | 0,0105332       | 0,0063491     | 0,0041841     | -39,7 
 338 | 100000       | 0,0106360       | 0,0062776     | 0,0043584     | -41,0 
 339 | 100000       | 0,0101246       | 0,0061716     | 0,0039530     | -39,0 
 340 | 100000       | 0,0100341       | 0,0063950     | 0,0036391     | -36,3 
 341 | 100000       | 0,0102288       | 0,0049620     | 0,0052668     | -51,5 
 342 | 100000       | 0,0095803       | 0,0044599     | 0,0051204     | -53,4 
 343 | 100000       | 0,0096243       | 0,0037383     | 0,0058860     | -61,2 
 344 | 100000       | 0,0090296       | 0,0036920     | 0,0053376     | -59,1 
 345 | 100000       | 0,0093739       | 0,0045401     | 0,0048338     | -51,6 
 346 | 100000       | 0,0093908       | 0,0035211     | 0,0058697     | -62,5 
 347 | 100000       | 0,0093768       | 0,0945504     | -0,0851736    | 908,3 
 348 | 100000       | 0,0081803       | 0,0025662     | 0,0056141     | -68,6 
 349 | 100000       | 0,0081838       | 0,0027186     | 0,0054652     | -66,8 
 350 | 100000       | 0,0078188       | 0,0035505     | 0,0042683     | -54,6 
 351 | 100000       | 0,0083987       | 0,0028303     | 0,0055684     | -66,3 
 352 | 100000       | 0,0078723       | 0,0027213     | 0,0051510     | -65,4 
 353 | 100000       | 0,0078503       | 0,0034479     | 0,0044024     | -56,1 
 354 | 100000       | 0,0078621       | 0,0027288     | 0,0051333     | -65,3 
 355 | 100000       | 0,0078157       | 0,0028604     | 0,0049553     | -63,4 
 356 | 100000       | 0,0078521       | 0,0027379     | 0,0051142     | -65,1 
 357 | 100000       | 0,0073370       | 0,0037340     | 0,0036030     | -49,1 
 358 | 100000       | 0,0076930       | 0,0031389     | 0,0045541     | -59,2 
 359 | 100000       | 0,0071077       | 0,0028686     | 0,0042391     | -59,6 
 360 | 100000       | 0,0074085       | 0,0030032     | 0,0044053     | -59,5 
 361 | 100000       | 0,0074261       | 0,0029839     | 0,0044422     | -59,8 
 362 | 100000       | 0,0071043       | 0,0031021     | 0,0040022     | -56,3 
 363 | 100000       | 0,0074545       | 0,0037974     | 0,0036571     | -49,1 
 364 | 100000       | 0,0080573       | 0,0041715     | 0,0038858     | -48,2 
 365 | 100000       | 0,0077852       | 0,0046246     | 0,0031606     | -40,6 
 366 | 100000       | 0,0075088       | 0,0032384     | 0,0042704     | -56,9 
 367 | 100000       | 0,0089500       | 0,0040566     | 0,0048934     | -54,7 
 368 | 100000       | 0,0073097       | 0,0029904     | 0,0043193     | -59,1 
 369 | 100000       | 0,0079020       | 0,0031489     | 0,0047531     | -60,2 
 370 | 100000       | 0,0074220       | 0,0030260     | 0,0043960     | -59,2 
 371 | 100000       | 0,0074330       | 0,0037195     | 0,0037135     | -50,0 
 372 | 100000       | 0,0082664       | 0,0030855     | 0,0051809     | -62,7 
 373 | 100000       | 0,0075582       | 0,0029133     | 0,0046449     | -61,5 
 374 | 100000       | 0,0077196       | 0,0029619     | 0,0047577     | -61,6 
 375 | 100000       | 0,0074172       | 0,0029423     | 0,0044749     | -60,3 
 376 | 100000       | 0,0072112       | 0,0029814     | 0,0042298     | -58,7 
 377 | 100000       | 0,0078627       | 0,0029748     | 0,0048879     | -62,2 
 378 | 100000       | 0,0079457       | 0,0030679     | 0,0048778     | -61,4 
 379 | 100000       | 0,0074173       | 0,0031786     | 0,0042387     | -57,1 
 380 | 100000       | 0,0074511       | 0,0030000     | 0,0044511     | -59,7 
 381 | 100000       | 0,0075609       | 0,0029078     | 0,0046531     | -61,5 
 382 | 100000       | 0,0073130       | 0,0031223     | 0,0041907     | -57,3 
 383 | 100000       | 0,0071195       | 0,0040982     | 0,0030213     | -42,4 
 384 | 100000       | 0,0079711       | 0,0041862     | 0,0037849     | -47,5 
 385 | 100000       | 0,0082772       | 0,0033976     | 0,0048796     | -59,0 
 386 | 100000       | 0,0073484       | 0,0033675     | 0,0039809     | -54,2 
 387 | 100000       | 0,0074849       | 0,0028663     | 0,0046186     | -61,7 
 388 | 100000       | 0,0074132       | 0,0029578     | 0,0044554     | -60,1 
 389 | 100000       | 0,0073072       | 0,0030333     | 0,0042739     | -58,5 
 390 | 100000       | 0,0073327       | 0,0030036     | 0,0043291     | -59,0 
 391 | 100000       | 0,0072588       | 0,0030939     | 0,0041649     | -57,4 
 392 | 100000       | 0,0071819       | 0,0030330     | 0,0041489     | -57,8 
 393 | 100000       | 0,0072584       | 0,0035167     | 0,0037417     | -51,5 
 394 | 100000       | 0,0078541       | 0,0030319     | 0,0048222     | -61,4 
 395 | 100000       | 0,0071242       | 0,0029884     | 0,0041358     | -58,1 
 396 | 100000       | 0,0073091       | 0,0028895     | 0,0044196     | -60,5 
 397 | 100000       | 0,0076714       | 0,0037756     | 0,0038958     | -50,8 
 398 | 100000       | 0,0079263       | 0,0030987     | 0,0048276     | -60,9 
 399 | 100000       | 0,0079670       | 0,0031301     | 0,0048369     | -60,7 
 400 | 100000       | 0,0075879       | 0,0029506     | 0,0046373     | -61,1 
 401 | 1000000      | 0,0922771       | 0,0469296     | 0,0453475     | -49,1 
 402 | 1000000      | 0,0881721       | 0,0384500     | 0,0497221     | -56,4 
 403 | 1000000      | 0,0884941       | 0,0391964     | 0,0492977     | -55,7 
 404 | 1000000      | 0,0891027       | 0,0390661     | 0,0500366     | -56,2 
 405 | 1000000      | 0,0867470       | 0,0390008     | 0,0477462     | -55,0 
 406 | 1000000      | 0,0877063       | 0,0396571     | 0,0480492     | -54,8 
 407 | 1000000      | 0,0877816       | 0,0379611     | 0,0498205     | -56,8 
 408 | 1000000      | 0,0871746       | 0,0399532     | 0,0472214     | -54,2 
 409 | 1000000      | 0,0871853       | 0,0385880     | 0,0485973     | -55,7 
 410 | 1000000      | 0,0870066       | 0,0390110     | 0,0479956     | -55,2 
 411 | 1000000      | 0,0873923       | 0,0403335     | 0,0470588     | -53,8 
 412 | 1000000      | 0,0867689       | 0,0391835     | 0,0475854     | -54,8 
 413 | 1000000      | 0,0867782       | 0,0412790     | 0,0454992     | -52,4 
 414 | 1000000      | 0,0854124       | 0,0381524     | 0,0472600     | -55,3 
 415 | 1000000      | 0,0845078       | 0,0351542     | 0,0493536     | -58,4 
 416 | 1000000      | 0,0854617       | 0,0373579     | 0,0481038     | -56,3 
 417 | 1000000      | 0,0842969       | 0,0384343     | 0,0458626     | -54,4 
 418 | 1000000      | 0,0852748       | 0,0359448     | 0,0493300     | -57,8 
 419 | 1000000      | 0,0829509       | 0,0375426     | 0,0454083     | -54,7 
 420 | 1000000      | 0,0842072       | 0,0386555     | 0,0455517     | -54,1 
 421 | 1000000      | 0,0875410       | 0,0406426     | 0,0468984     | -53,6 
 422 | 1000000      | 0,0885633       | 0,0403037     | 0,0482596     | -54,5 
 423 | 1000000      | 0,1110310       | 0,0376284     | 0,0734026     | -66,1 
 424 | 1000000      | 0,0842338       | 0,0364887     | 0,0477451     | -56,7 
 425 | 1000000      | 0,0853463       | 0,0366537     | 0,0486926     | -57,1 
 426 | 1000000      | 0,0846261       | 0,0364856     | 0,0481405     | -56,9 
 427 | 1000000      | 0,0850385       | 0,0358675     | 0,0491710     | -57,8 
 428 | 1000000      | 0,0849336       | 0,0363911     | 0,0485425     | -57,2 
 429 | 1000000      | 0,0842888       | 0,0379358     | 0,0463530     | -55,0 
 430 | 1000000      | 0,0832328       | 0,0366611     | 0,0465717     | -56,0 
 431 | 1000000      | 0,0831567       | 0,0367039     | 0,0464528     | -55,9 
 432 | 1000000      | 0,0849651       | 0,0374348     | 0,0475303     | -55,9 
 433 | 1000000      | 0,0840859       | 0,0361778     | 0,0479081     | -57,0 
 434 | 1000000      | 0,0834611       | 0,0370892     | 0,0463719     | -55,6 
 435 | 1000000      | 0,0838343       | 0,0360214     | 0,0478129     | -57,0 
 436 | 1000000      | 0,0842147       | 0,0365514     | 0,0476633     | -56,6 
 437 | 1000000      | 0,0854329       | 0,0364225     | 0,0490104     | -57,4 
 438 | 1000000      | 0,0834009       | 0,0365841     | 0,0468168     | -56,1 
 439 | 1000000      | 0,0846707       | 0,0401596     | 0,0445111     | -52,6 
 440 | 1000000      | 0,0906882       | 0,0384763     | 0,0522119     | -57,6 
 441 | 1000000      | 0,0885658       | 0,0391215     | 0,0494443     | -55,8 
 442 | 1000000      | 0,0883088       | 0,0402712     | 0,0480376     | -54,4 
 443 | 1000000      | 0,0881627       | 0,0399761     | 0,0481866     | -54,7 
 444 | 1000000      | 0,0866729       | 0,0397064     | 0,0469665     | -54,2 
 445 | 1000000      | 0,0877801       | 0,0387151     | 0,0490650     | -55,9 
 446 | 1000000      | 0,0871777       | 0,0386068     | 0,0485709     | -55,7 
 447 | 1000000      | 0,0882660       | 0,0394377     | 0,0488283     | -55,3 
 448 | 1000000      | 0,0892190       | 0,0383635     | 0,0508555     | -57,0 
 449 | 1000000      | 0,0878114       | 0,0389021     | 0,0489093     | -55,7 
 450 | 1000000      | 0,0869195       | 0,0397773     | 0,0471422     | -54,2 
 451 | 1000000      | 0,0883944       | 0,0393607     | 0,0490337     | -55,5 
 452 | 1000000      | 0,0869686       | 0,0384845     | 0,0484841     | -55,7 
 453 | 1000000      | 0,0874124       | 0,0399583     | 0,0474541     | -54,3 
 454 | 1000000      | 0,0881678       | 0,0394405     | 0,0487273     | -55,3 
 455 | 1000000      | 0,0879042       | 0,0401284     | 0,0477758     | -54,3 
 456 | 1000000      | 0,0924384       | 0,0443053     | 0,0481331     | -52,1 
 457 | 1000000      | 0,0914193       | 0,0427226     | 0,0486967     | -53,3 
 458 | 1000000      | 0,0935808       | 0,0425367     | 0,0510441     | -54,5 
 459 | 1000000      | 0,0929900       | 0,0423720     | 0,0506180     | -54,4 
 460 | 1000000      | 0,0927565       | 0,0426761     | 0,0500804     | -54,0 
 461 | 1000000      | 0,0919524       | 0,0432097     | 0,0487427     | -53,0 
 462 | 1000000      | 0,0907410       | 0,0442919     | 0,0464491     | -51,2 
 463 | 1000000      | 0,0925784       | 0,0443740     | 0,0482044     | -52,1 
 464 | 1000000      | 0,0906273       | 0,0438665     | 0,0467608     | -51,6 
 465 | 1000000      | 0,0922906       | 0,0437731     | 0,0485175     | -52,6 
 466 | 1000000      | 0,0929486       | 0,0433752     | 0,0495734     | -53,3 
 467 | 1000000      | 0,0930447       | 0,0432055     | 0,0498392     | -53,6 
 468 | 1000000      | 0,0930271       | 0,0445968     | 0,0484303     | -52,1 
 469 | 1000000      | 0,0912340       | 0,0435139     | 0,0477201     | -52,3 
 470 | 1000000      | 0,0915280       | 0,0436478     | 0,0478802     | -52,3 
 471 | 1000000      | 0,0926924       | 0,0415396     | 0,0511528     | -55,2 
 472 | 1000000      | 0,0918424       | 0,0423806     | 0,0494618     | -53,9 
 473 | 1000000      | 0,0912313       | 0,0424445     | 0,0487868     | -53,5 
 474 | 1000000      | 0,0915038       | 0,0433080     | 0,0481958     | -52,7 
 475 | 1000000      | 0,0914924       | 0,0427314     | 0,0487610     | -53,3 
 476 | 1000000      | 0,0982357       | 0,0486911     | 0,0495446     | -50,4 
 477 | 1000000      | 0,0955384       | 0,0453201     | 0,0502183     | -52,6 
 478 | 1000000      | 0,0974362       | 0,0494505     | 0,0479857     | -49,2 
 479 | 1000000      | 0,0973764       | 0,0446632     | 0,0527132     | -54,1 
 480 | 1000000      | 0,0951932       | 0,0441876     | 0,0510056     | -53,6 
 481 | 1000000      | 0,0931666       | 0,0436418     | 0,0495248     | -53,2 
 482 | 1000000      | 0,0928449       | 0,0450994     | 0,0477455     | -51,4 
 483 | 1000000      | 0,0916921       | 0,0433751     | 0,0483170     | -52,7 
 484 | 1000000      | 0,0914155       | 0,0433207     | 0,0480948     | -52,6 
 485 | 1000000      | 0,0918729       | 0,0422841     | 0,0495888     | -54,0 
 486 | 1000000      | 0,0940389       | 0,0476654     | 0,0463735     | -49,3 
 487 | 1000000      | 0,0952329       | 0,0492787     | 0,0459542     | -48,3 
 488 | 1000000      | 0,0965103       | 0,0456346     | 0,0508757     | -52,7 
 489 | 1000000      | 0,0945833       | 0,0431811     | 0,0514022     | -54,3 
 490 | 1000000      | 0,0935863       | 0,0448747     | 0,0487116     | -52,0 
 491 | 1000000      | 0,0916605       | 0,0446071     | 0,0470534     | -51,3 
 492 | 1000000      | 0,0918115       | 0,0446320     | 0,0471795     | -51,4 
 493 | 1000000      | 0,0912770       | 0,0417849     | 0,0494921     | -54,2 
 494 | 1000000      | 0,0930655       | 0,0434702     | 0,0495953     | -53,3 
 495 | 1000000      | 0,0910876       | 0,0422138     | 0,0488738     | -53,7 
 496 | 1000000      | 0,0923239       | 0,0439558     | 0,0483681     | -52,4 
 497 | 1000000      | 0,0920537       | 0,0444104     | 0,0476433     | -51,8 
 498 | 1000000      | 0,0918884       | 0,0435466     | 0,0483418     | -52,6 
 499 | 1000000      | 0,0916951       | 0,0435681     | 0,0481270     | -52,5 
 500 | 1000000      | 0,0932677       | 0,0443066     | 0,0489611     | -52,5 
 501 | 10000000     | 0,9637603       | 0,4949817     | 0,4687786     | -48,6 
 502 | 10000000     | 0,9484999       | 0,4638547     | 0,4846452     | -51,1 
 503 | 10000000     | 1,3452169       | 0,4884041     | 0,8568128     | -63,7 
 504 | 10000000     | 0,8895442       | 0,4096187     | 0,4799255     | -54,0 
 505 | 10000000     | 1,1932689       | 0,4673226     | 0,7259463     | -60,8 
 506 | 10000000     | 0,8757241       | 0,4098913     | 0,4658328     | -53,2 
 507 | 10000000     | 1,1925492       | 0,4646482     | 0,7279010     | -61,0 
 508 | 10000000     | 0,8660349       | 0,4057625     | 0,4602724     | -53,1 
 509 | 10000000     | 1,1843554       | 0,4624586     | 0,7218968     | -61,0 
 510 | 10000000     | 0,8663394       | 0,4061769     | 0,4601625     | -53,1 
 511 | 10000000     | 1,1852648       | 0,4647342     | 0,7205306     | -60,8 
 512 | 10000000     | 0,8688423       | 0,4023241     | 0,4665182     | -53,7 
 513 | 10000000     | 1,1793770       | 0,4641167     | 0,7152603     | -60,6 
 514 | 10000000     | 0,8652945       | 0,4002272     | 0,4650673     | -53,7 
 515 | 10000000     | 1,1809143       | 0,4628905     | 0,7180238     | -60,8 
 516 | 10000000     | 0,8643927       | 0,3986758     | 0,4657169     | -53,9 
 517 | 10000000     | 1,1887657       | 0,4662597     | 0,7225060     | -60,8 
 518 | 10000000     | 0,8666487       | 0,3924957     | 0,4741530     | -54,7 
 519 | 10000000     | 1,1774214       | 0,4705235     | 0,7068979     | -60,0 
 520 | 10000000     | 0,8607474       | 0,4042965     | 0,4564509     | -53,0 
 521 | 10000000     | 1,1783830       | 0,4657931     | 0,7125899     | -60,5 
 522 | 10000000     | 0,8603649       | 0,4105460     | 0,4498189     | -52,3 
 523 | 10000000     | 1,1786061       | 0,4666674     | 0,7119387     | -60,4 
 524 | 10000000     | 0,8627151       | 0,4014833     | 0,4612318     | -53,5 
 525 | 10000000     | 1,1777981       | 0,4586373     | 0,7191608     | -61,1 
 526 | 10000000     | 0,8648620       | 0,4023303     | 0,4625317     | -53,5 
 527 | 10000000     | 1,2183003       | 0,4644323     | 0,7538680     | -61,9 
 528 | 10000000     | 0,8620619       | 0,3828469     | 0,4792150     | -55,6 
 529 | 10000000     | 1,1712578       | 0,4663513     | 0,7049065     | -60,2 
 530 | 10000000     | 0,8569763       | 0,4101753     | 0,4468010     | -52,1 
 531 | 10000000     | 1,1738930       | 0,4603211     | 0,7135719     | -60,8 
 532 | 10000000     | 0,8631468       | 0,3973676     | 0,4657792     | -54,0 
 533 | 10000000     | 1,1664769       | 0,4598777     | 0,7065992     | -60,6 
 534 | 10000000     | 0,8586467       | 0,4061405     | 0,4525062     | -52,7 
 535 | 10000000     | 1,1690323       | 0,4589106     | 0,7101217     | -60,7 
 536 | 10000000     | 0,8611538       | 0,4087110     | 0,4524428     | -52,5 
 537 | 10000000     | 1,1666204       | 0,4575133     | 0,7091071     | -60,8 
 538 | 10000000     | 0,8585597       | 0,4051005     | 0,4534592     | -52,8 
 539 | 10000000     | 1,1690002       | 0,4637433     | 0,7052569     | -60,3 
 540 | 10000000     | 0,8609512       | 0,3999234     | 0,4610278     | -53,5 
 541 | 10000000     | 1,1678971       | 0,4568216     | 0,7110755     | -60,9 
 542 | 10000000     | 0,8594381       | 0,3901167     | 0,4693214     | -54,6 
 543 | 10000000     | 1,1665776       | 0,4542519     | 0,7123257     | -61,1 
 544 | 10000000     | 0,8612463       | 0,4002014     | 0,4610449     | -53,5 
 545 | 10000000     | 1,1698807       | 0,4591948     | 0,7106859     | -60,7 
 546 | 10000000     | 0,8598420       | 0,3999529     | 0,4598891     | -53,5 
 547 | 10000000     | 1,1649107       | 0,4648928     | 0,7000179     | -60,1 
 548 | 10000000     | 0,8590710       | 0,3924028     | 0,4666682     | -54,3 
 549 | 10000000     | 1,1625536       | 0,4597151     | 0,7028385     | -60,5 
 550 | 10000000     | 0,8785603       | 0,4084461     | 0,4701142     | -53,5 
 551 | 10000000     | 1,1728999       | 0,4549465     | 0,7179534     | -61,2 
 552 | 10000000     | 0,8667931       | 0,4016278     | 0,4651653     | -53,7 
 553 | 10000000     | 1,1677244       | 0,4405602     | 0,7271642     | -62,3 
 554 | 10000000     | 0,8562491       | 0,3982575     | 0,4579916     | -53,5 
 555 | 10000000     | 1,1659156       | 0,4525217     | 0,7133939     | -61,2 
 556 | 10000000     | 0,8604386       | 0,4075567     | 0,4528819     | -52,6 
 557 | 10000000     | 1,1614756       | 0,4423898     | 0,7190858     | -61,9 
 558 | 10000000     | 0,8640304       | 0,4023307     | 0,4616997     | -53,4 
 559 | 10000000     | 1,1618143       | 0,4500436     | 0,7117707     | -61,3 
 560 | 10000000     | 0,8603084       | 0,3894054     | 0,4709030     | -54,7 
 561 | 10000000     | 1,1632409       | 0,4374744     | 0,7257665     | -62,4 
 562 | 10000000     | 0,8576519       | 0,4033161     | 0,4543358     | -53,0 
 563 | 10000000     | 1,1619034       | 0,4409475     | 0,7209559     | -62,0 
 564 | 10000000     | 0,8578494       | 0,3899027     | 0,4679467     | -54,5 
 565 | 10000000     | 1,1569531       | 0,4327241     | 0,7242290     | -62,6 
 566 | 10000000     | 0,8591758       | 0,4097111     | 0,4494647     | -52,3 
 567 | 10000000     | 1,1557765       | 0,4466775     | 0,7090990     | -61,4 
 568 | 10000000     | 0,8590983       | 0,4031692     | 0,4559291     | -53,1 
 569 | 10000000     | 1,1635790       | 0,4416847     | 0,7218943     | -62,0 
 570 | 10000000     | 0,8597861       | 0,4013864     | 0,4583997     | -53,3 
 571 | 10000000     | 1,1574090       | 0,4398064     | 0,7176026     | -62,0 
 572 | 10000000     | 0,8573488       | 0,4069408     | 0,4504080     | -52,5 
 573 | 10000000     | 1,1646853       | 0,4451412     | 0,7195441     | -61,8 
 574 | 10000000     | 0,8588561       | 0,3971713     | 0,4616848     | -53,8 
 575 | 10000000     | 1,1593410       | 0,4379279     | 0,7214131     | -62,2 
 576 | 10000000     | 0,8569471       | 0,4065241     | 0,4504230     | -52,6 
 577 | 10000000     | 1,1561650       | 0,4362761     | 0,7198889     | -62,3 
 578 | 10000000     | 0,8607094       | 0,4097984     | 0,4509110     | -52,4 
 579 | 10000000     | 1,1610757       | 0,4342737     | 0,7268020     | -62,6 
 580 | 10000000     | 0,8580878       | 0,3984087     | 0,4596791     | -53,6 
 581 | 10000000     | 1,1628613       | 0,4469684     | 0,7158929     | -61,6 
 582 | 10000000     | 0,8607368       | 0,4137471     | 0,4469897     | -51,9 
 583 | 10000000     | 1,1618263       | 0,4397893     | 0,7220370     | -62,1 
 584 | 10000000     | 0,8606152       | 0,3998902     | 0,4607250     | -53,5 
 585 | 10000000     | 1,1580640       | 0,4445883     | 0,7134757     | -61,6 
 586 | 10000000     | 0,8731119       | 0,4180509     | 0,4550610     | -52,1 
 587 | 10000000     | 1,1578385       | 0,4414424     | 0,7163961     | -61,9 
 588 | 10000000     | 0,8583656       | 0,4192865     | 0,4390791     | -51,2 
 589 | 10000000     | 1,1613415       | 0,4401159     | 0,7212256     | -62,1 
 590 | 10000000     | 0,8568158       | 0,4263297     | 0,4304861     | -50,2 
 591 | 10000000     | 1,1727199       | 0,4392012     | 0,7335187     | -62,5 
 592 | 10000000     | 0,8560422       | 0,4129183     | 0,4431239     | -51,8 
 593 | 10000000     | 1,1605571       | 0,4310501     | 0,7295070     | -62,9 
 594 | 10000000     | 0,8596292       | 0,4088954     | 0,4507338     | -52,4 
 595 | 10000000     | 1,1550049       | 0,4498870     | 0,7051179     | -61,0 
 596 | 10000000     | 0,8541996       | 0,4156758     | 0,4385238     | -51,3 
 597 | 10000000     | 1,1619597       | 0,4313057     | 0,7306540     | -62,9 
 598 | 10000000     | 0,8564861       | 0,4140912     | 0,4423949     | -51,7 
 599 | 10000000     | 1,1584365       | 0,4407063     | 0,7177302     | -62,0 
 600 | 10000000     | 0,8613177       | 0,4179224     | 0,4433953     | -51,5 

Для выборки размером: 100
	- всего тестов: 100
	- успешных случаев: 0
	- % успешных тестов: 0,0%
Для выборки размером: 1000
	- всего тестов: 100
	- успешных случаев: 1
	- % успешных тестов: 1,0%
	- среднее время последовательного теста: 0,0001605
	- среднее время параллельного теста: 0,0003470
	- рост производительности для успешных случаев в среднем на: 1,3%
Для выборки размером: 10000
	- всего тестов: 100
	- успешных случаев: 2
	- % успешных тестов: 2,0%
	- среднее время последовательного теста: 0,0011959
	- среднее время параллельного теста: 0,0014191
	- рост производительности для успешных случаев в среднем на: 0,7%
Для выборки размером: 100000
	- всего тестов: 100
	- успешных случаев: 92
	- % успешных тестов: 92,0%
	- среднее время последовательного теста: 0,0086156
	- среднее время параллельного теста: 0,0056033
	- рост производительности для успешных случаев в среднем на: 52,0%
Для выборки размером: 1000000
	- всего тестов: 100
	- успешных случаев: 100
	- % успешных тестов: 100,0%
	- среднее время последовательного теста: 0,0895995
	- среднее время параллельного теста: 0,0409882
	- рост производительности для успешных случаев в среднем на: 54,3%
Для выборки размером: 10000000
	- всего тестов: 100
	- успешных случаев: 100
	- % успешных тестов: 100,0%
	- среднее время последовательного теста: 1,0162296
	- среднее время параллельного теста: 0,4294330
	- рост производительности для успешных случаев в среднем на: 57,1%

